,Provider,Name,Longitude,Latitude,Elevation,year,month,HNsum,HSmean_gapfill,HSmax_gapfill
400860,CH_METEOSWISS,Bozberg,8.1318326881241,47.4816996010531,536.0,1976,1,,,
400861,CH_METEOSWISS,Bozberg,8.1318326881241,47.4816996010531,536.0,1976,2,,,
400862,CH_METEOSWISS,Bozberg,8.1318326881241,47.4816996010531,536.0,1976,3,,,
400863,CH_METEOSWISS,Bozberg,8.1318326881241,47.4816996010531,536.0,1976,4,,,
400864,CH_METEOSWISS,Bozberg,8.1318326881241,47.4816996010531,536.0,1976,5,,,
400865,CH_METEOSWISS,Bozberg,8.1318326881241,47.4816996010531,536.0,1976,6,,,
400866,CH_METEOSWISS,Bozberg,8.1318326881241,47.4816996010531,536.0,1976,7,0.0,,
400867,CH_METEOSWISS,Bozberg,8.1318326881241,47.4816996010531,536.0,1976,8,0.0,,
400868,CH_METEOSWISS,Bozberg,8.1318326881241,47.4816996010531,536.0,1976,9,0.0,,
400869,CH_METEOSWISS,Bozberg,8.1318326881241,47.4816996010531,536.0,1976,10,0.0,,
400870,CH_METEOSWISS,Bozberg,8.1318326881241,47.4816996010531,536.0,1976,11,5.0,,
400871,CH_METEOSWISS,Bozberg,8.1318326881241,47.4816996010531,536.0,1976,12,35.0,,
400872,CH_METEOSWISS,Bozberg,8.1318326881241,47.4816996010531,536.0,1977,1,70.0,,
400873,CH_METEOSWISS,Bozberg,8.1318326881241,47.4816996010531,536.0,1977,2,1.0,,
400874,CH_METEOSWISS,Bozberg,8.1318326881241,47.4816996010531,536.0,1977,3,18.0,,
400875,CH_METEOSWISS,Bozberg,8.1318326881241,47.4816996010531,536.0,1977,4,17.0,,
400876,CH_METEOSWISS,Bozberg,8.1318326881241,47.4816996010531,536.0,1977,5,0.0,,
400877,CH_METEOSWISS,Bozberg,8.1318326881241,47.4816996010531,536.0,1977,6,0.0,,
400878,CH_METEOSWISS,Bozberg,8.1318326881241,47.4816996010531,536.0,1977,7,0.0,,
400879,CH_METEOSWISS,Bozberg,8.1318326881241,47.4816996010531,536.0,1977,8,0.0,,
400880,CH_METEOSWISS,Bozberg,8.1318326881241,47.4816996010531,536.0,1977,9,0.0,,
400881,CH_METEOSWISS,Bozberg,8.1318326881241,47.4816996010531,536.0,1977,10,0.0,,
400882,CH_METEOSWISS,Bozberg,8.1318326881241,47.4816996010531,536.0,1977,11,18.0,,
400883,CH_METEOSWISS,Bozberg,8.1318326881241,47.4816996010531,536.0,1977,12,1.0,,
400884,CH_METEOSWISS,Bozberg,8.1318326881241,47.4816996010531,536.0,1978,1,22.0,,
400885,CH_METEOSWISS,Bozberg,8.1318326881241,47.4816996010531,536.0,1978,2,48.0,,
400886,CH_METEOSWISS,Bozberg,8.1318326881241,47.4816996010531,536.0,1978,3,30.0,,
400887,CH_METEOSWISS,Bozberg,8.1318326881241,47.4816996010531,536.0,1978,4,0.0,,
400888,CH_METEOSWISS,Bozberg,8.1318326881241,47.4816996010531,536.0,1978,5,0.0,,
400889,CH_METEOSWISS,Bozberg,8.1318326881241,47.4816996010531,536.0,1978,6,0.0,,
400890,CH_METEOSWISS,Bozberg,8.1318326881241,47.4816996010531,536.0,1978,7,0.0,,
400891,CH_METEOSWISS,Bozberg,8.1318326881241,47.4816996010531,536.0,1978,8,0.0,,
400892,CH_METEOSWISS,Bozberg,8.1318326881241,47.4816996010531,536.0,1978,9,0.0,,
400893,CH_METEOSWISS,Bozberg,8.1318326881241,47.4816996010531,536.0,1978,10,0.0,,
400894,CH_METEOSWISS,Bozberg,8.1318326881241,47.4816996010531,536.0,1978,11,3.0,,
400895,CH_METEOSWISS,Bozberg,8.1318326881241,47.4816996010531,536.0,1978,12,12.0,,
400896,CH_METEOSWISS,Bozberg,8.1318326881241,47.4816996010531,536.0,1979,1,105.0,,
400897,CH_METEOSWISS,Bozberg,8.1318326881241,47.4816996010531,536.0,1979,2,7.0,,
400898,CH_METEOSWISS,Bozberg,8.1318326881241,47.4816996010531,536.0,1979,3,0.0,,
400899,CH_METEOSWISS,Bozberg,8.1318326881241,47.4816996010531,536.0,1979,4,0.0,,
400900,CH_METEOSWISS,Bozberg,8.1318326881241,47.4816996010531,536.0,1979,5,3.0,,
400901,CH_METEOSWISS,Bozberg,8.1318326881241,47.4816996010531,536.0,1979,6,0.0,,
400902,CH_METEOSWISS,Bozberg,8.1318326881241,47.4816996010531,536.0,1979,7,0.0,,
400903,CH_METEOSWISS,Bozberg,8.1318326881241,47.4816996010531,536.0,1979,8,0.0,,
400904,CH_METEOSWISS,Bozberg,8.1318326881241,47.4816996010531,536.0,1979,9,0.0,,
400905,CH_METEOSWISS,Bozberg,8.1318326881241,47.4816996010531,536.0,1979,10,0.0,,
400906,CH_METEOSWISS,Bozberg,8.1318326881241,47.4816996010531,536.0,1979,11,14.0,,
400907,CH_METEOSWISS,Bozberg,8.1318326881241,47.4816996010531,536.0,1979,12,63.0,,
400908,CH_METEOSWISS,Bozberg,8.1318326881241,47.4816996010531,536.0,1980,1,19.0,,
400909,CH_METEOSWISS,Bozberg,8.1318326881241,47.4816996010531,536.0,1980,2,0.0,,
400910,CH_METEOSWISS,Bozberg,8.1318326881241,47.4816996010531,536.0,1980,3,10.0,,
400911,CH_METEOSWISS,Bozberg,8.1318326881241,47.4816996010531,536.0,1980,4,5.0,,
400912,CH_METEOSWISS,Bozberg,8.1318326881241,47.4816996010531,536.0,1980,5,0.0,,
400913,CH_METEOSWISS,Bozberg,8.1318326881241,47.4816996010531,536.0,1980,6,0.0,,
400914,CH_METEOSWISS,Bozberg,8.1318326881241,47.4816996010531,536.0,1980,7,0.0,,
400915,CH_METEOSWISS,Bozberg,8.1318326881241,47.4816996010531,536.0,1980,8,0.0,,
400916,CH_METEOSWISS,Bozberg,8.1318326881241,47.4816996010531,536.0,1980,9,0.0,,
400917,CH_METEOSWISS,Bozberg,8.1318326881241,47.4816996010531,536.0,1980,10,0.0,,
400918,CH_METEOSWISS,Bozberg,8.1318326881241,47.4816996010531,536.0,1980,11,28.0,,
400919,CH_METEOSWISS,Bozberg,8.1318326881241,47.4816996010531,536.0,1980,12,42.0,,
400920,CH_METEOSWISS,Bozberg,8.1318326881241,47.4816996010531,536.0,1981,1,97.0,,
400921,CH_METEOSWISS,Bozberg,8.1318326881241,47.4816996010531,536.0,1981,2,14.0,,
400922,CH_METEOSWISS,Bozberg,8.1318326881241,47.4816996010531,536.0,1981,3,4.0,,
400923,CH_METEOSWISS,Bozberg,8.1318326881241,47.4816996010531,536.0,1981,4,0.0,,
400924,CH_METEOSWISS,Bozberg,8.1318326881241,47.4816996010531,536.0,1981,5,0.0,,
400925,CH_METEOSWISS,Bozberg,8.1318326881241,47.4816996010531,536.0,1981,6,0.0,,
400926,CH_METEOSWISS,Bozberg,8.1318326881241,47.4816996010531,536.0,1981,7,0.0,,
400927,CH_METEOSWISS,Bozberg,8.1318326881241,47.4816996010531,536.0,1981,8,0.0,,
400928,CH_METEOSWISS,Bozberg,8.1318326881241,47.4816996010531,536.0,1981,9,0.0,,
400929,CH_METEOSWISS,Bozberg,8.1318326881241,47.4816996010531,536.0,1981,10,0.0,,
400930,CH_METEOSWISS,Bozberg,8.1318326881241,47.4816996010531,536.0,1981,11,5.0,,
400931,CH_METEOSWISS,Bozberg,8.1318326881241,47.4816996010531,536.0,1981,12,68.0,,
400932,CH_METEOSWISS,Bozberg,8.1318326881241,47.4816996010531,536.0,1982,1,24.0,,
400933,CH_METEOSWISS,Bozberg,8.1318326881241,47.4816996010531,536.0,1982,2,15.0,,
400934,CH_METEOSWISS,Bozberg,8.1318326881241,47.4816996010531,536.0,1982,3,0.0,,
400935,CH_METEOSWISS,Bozberg,8.1318326881241,47.4816996010531,536.0,1982,4,0.0,,
400936,CH_METEOSWISS,Bozberg,8.1318326881241,47.4816996010531,536.0,1982,5,0.0,,
400937,CH_METEOSWISS,Bozberg,8.1318326881241,47.4816996010531,536.0,1982,6,0.0,,
400938,CH_METEOSWISS,Bozberg,8.1318326881241,47.4816996010531,536.0,1982,7,0.0,,
400939,CH_METEOSWISS,Bozberg,8.1318326881241,47.4816996010531,536.0,1982,8,0.0,,
400940,CH_METEOSWISS,Bozberg,8.1318326881241,47.4816996010531,536.0,1982,9,0.0,,
400941,CH_METEOSWISS,Bozberg,8.1318326881241,47.4816996010531,536.0,1982,10,0.0,,
400942,CH_METEOSWISS,Bozberg,8.1318326881241,47.4816996010531,536.0,1982,11,1.0,,
400943,CH_METEOSWISS,Bozberg,8.1318326881241,47.4816996010531,536.0,1982,12,4.0,,
400944,CH_METEOSWISS,Bozberg,8.1318326881241,47.4816996010531,536.0,1983,1,6.0,,
400945,CH_METEOSWISS,Bozberg,8.1318326881241,47.4816996010531,536.0,1983,2,22.0,,
400946,CH_METEOSWISS,Bozberg,8.1318326881241,47.4816996010531,536.0,1983,3,9.0,,
400947,CH_METEOSWISS,Bozberg,8.1318326881241,47.4816996010531,536.0,1983,4,3.0,,
400948,CH_METEOSWISS,Bozberg,8.1318326881241,47.4816996010531,536.0,1983,5,0.0,,
400949,CH_METEOSWISS,Bozberg,8.1318326881241,47.4816996010531,536.0,1983,6,0.0,,
400950,CH_METEOSWISS,Bozberg,8.1318326881241,47.4816996010531,536.0,1983,7,0.0,,
400951,CH_METEOSWISS,Bozberg,8.1318326881241,47.4816996010531,536.0,1983,8,0.0,,
400952,CH_METEOSWISS,Bozberg,8.1318326881241,47.4816996010531,536.0,1983,9,0.0,,
400953,CH_METEOSWISS,Bozberg,8.1318326881241,47.4816996010531,536.0,1983,10,0.0,,
400954,CH_METEOSWISS,Bozberg,8.1318326881241,47.4816996010531,536.0,1983,11,1.0,,
400955,CH_METEOSWISS,Bozberg,8.1318326881241,47.4816996010531,536.0,1983,12,1.0,,
400956,CH_METEOSWISS,Bozberg,8.1318326881241,47.4816996010531,536.0,1984,1,38.0,,
400957,CH_METEOSWISS,Bozberg,8.1318326881241,47.4816996010531,536.0,1984,2,33.0,,
400958,CH_METEOSWISS,Bozberg,8.1318326881241,47.4816996010531,536.0,1984,3,9.0,,
400959,CH_METEOSWISS,Bozberg,8.1318326881241,47.4816996010531,536.0,1984,4,2.0,,
400960,CH_METEOSWISS,Bozberg,8.1318326881241,47.4816996010531,536.0,1984,5,0.0,,
400961,CH_METEOSWISS,Bozberg,8.1318326881241,47.4816996010531,536.0,1984,6,0.0,,
400962,CH_METEOSWISS,Bozberg,8.1318326881241,47.4816996010531,536.0,1984,7,0.0,,
400963,CH_METEOSWISS,Bozberg,8.1318326881241,47.4816996010531,536.0,1984,8,0.0,,
400964,CH_METEOSWISS,Bozberg,8.1318326881241,47.4816996010531,536.0,1984,9,0.0,,
400965,CH_METEOSWISS,Bozberg,8.1318326881241,47.4816996010531,536.0,1984,10,0.0,,
400966,CH_METEOSWISS,Bozberg,8.1318326881241,47.4816996010531,536.0,1984,11,0.0,,
400967,CH_METEOSWISS,Bozberg,8.1318326881241,47.4816996010531,536.0,1984,12,7.0,,
400968,CH_METEOSWISS,Bozberg,8.1318326881241,47.4816996010531,536.0,1985,1,29.0,,
400969,CH_METEOSWISS,Bozberg,8.1318326881241,47.4816996010531,536.0,1985,2,19.0,,
400970,CH_METEOSWISS,Bozberg,8.1318326881241,47.4816996010531,536.0,1985,3,11.0,,
400971,CH_METEOSWISS,Bozberg,8.1318326881241,47.4816996010531,536.0,1985,4,5.0,,
400972,CH_METEOSWISS,Bozberg,8.1318326881241,47.4816996010531,536.0,1985,5,0.0,,
400973,CH_METEOSWISS,Bozberg,8.1318326881241,47.4816996010531,536.0,1985,6,0.0,,
400974,CH_METEOSWISS,Bozberg,8.1318326881241,47.4816996010531,536.0,1985,7,0.0,,
400975,CH_METEOSWISS,Bozberg,8.1318326881241,47.4816996010531,536.0,1985,8,0.0,,
400976,CH_METEOSWISS,Bozberg,8.1318326881241,47.4816996010531,536.0,1985,9,0.0,,
400977,CH_METEOSWISS,Bozberg,8.1318326881241,47.4816996010531,536.0,1985,10,0.0,,
400978,CH_METEOSWISS,Bozberg,8.1318326881241,47.4816996010531,536.0,1985,11,43.0,,
400979,CH_METEOSWISS,Bozberg,8.1318326881241,47.4816996010531,536.0,1985,12,5.0,,
400980,CH_METEOSWISS,Bozberg,8.1318326881241,47.4816996010531,536.0,1986,1,62.0,,
400981,CH_METEOSWISS,Bozberg,8.1318326881241,47.4816996010531,536.0,1986,2,46.0,,
400982,CH_METEOSWISS,Bozberg,8.1318326881241,47.4816996010531,536.0,1986,3,1.0,,
400983,CH_METEOSWISS,Bozberg,8.1318326881241,47.4816996010531,536.0,1986,4,3.0,,
400984,CH_METEOSWISS,Bozberg,8.1318326881241,47.4816996010531,536.0,1986,5,0.0,,
400985,CH_METEOSWISS,Bozberg,8.1318326881241,47.4816996010531,536.0,1986,6,0.0,,
400986,CH_METEOSWISS,Bozberg,8.1318326881241,47.4816996010531,536.0,1986,7,0.0,,
400987,CH_METEOSWISS,Bozberg,8.1318326881241,47.4816996010531,536.0,1986,8,0.0,,
400988,CH_METEOSWISS,Bozberg,8.1318326881241,47.4816996010531,536.0,1986,9,0.0,,
400989,CH_METEOSWISS,Bozberg,8.1318326881241,47.4816996010531,536.0,1986,10,0.0,,
400990,CH_METEOSWISS,Bozberg,8.1318326881241,47.4816996010531,536.0,1986,11,0.0,,
400991,CH_METEOSWISS,Bozberg,8.1318326881241,47.4816996010531,536.0,1986,12,47.0,,
400992,CH_METEOSWISS,Bozberg,8.1318326881241,47.4816996010531,536.0,1987,1,34.0,,
400993,CH_METEOSWISS,Bozberg,8.1318326881241,47.4816996010531,536.0,1987,2,27.0,,
400994,CH_METEOSWISS,Bozberg,8.1318326881241,47.4816996010531,536.0,1987,3,54.0,,
400995,CH_METEOSWISS,Bozberg,8.1318326881241,47.4816996010531,536.0,1987,4,0.0,,
400996,CH_METEOSWISS,Bozberg,8.1318326881241,47.4816996010531,536.0,1987,5,0.0,,
400997,CH_METEOSWISS,Bozberg,8.1318326881241,47.4816996010531,536.0,1987,6,0.0,,
400998,CH_METEOSWISS,Bozberg,8.1318326881241,47.4816996010531,536.0,1987,7,0.0,,
400999,CH_METEOSWISS,Bozberg,8.1318326881241,47.4816996010531,536.0,1987,8,0.0,,
401000,CH_METEOSWISS,Bozberg,8.1318326881241,47.4816996010531,536.0,1987,9,0.0,,
401001,CH_METEOSWISS,Bozberg,8.1318326881241,47.4816996010531,536.0,1987,10,0.0,,
401002,CH_METEOSWISS,Bozberg,8.1318326881241,47.4816996010531,536.0,1987,11,0.0,,
401003,CH_METEOSWISS,Bozberg,8.1318326881241,47.4816996010531,536.0,1987,12,0.0,,
401004,CH_METEOSWISS,Bozberg,8.1318326881241,47.4816996010531,536.0,1988,1,3.0,,
401005,CH_METEOSWISS,Bozberg,8.1318326881241,47.4816996010531,536.0,1988,2,22.0,,
401006,CH_METEOSWISS,Bozberg,8.1318326881241,47.4816996010531,536.0,1988,3,13.0,,
401007,CH_METEOSWISS,Bozberg,8.1318326881241,47.4816996010531,536.0,1988,4,0.0,,
401008,CH_METEOSWISS,Bozberg,8.1318326881241,47.4816996010531,536.0,1988,5,0.0,,
401009,CH_METEOSWISS,Bozberg,8.1318326881241,47.4816996010531,536.0,1988,6,0.0,,
401010,CH_METEOSWISS,Bozberg,8.1318326881241,47.4816996010531,536.0,1988,7,0.0,,
401011,CH_METEOSWISS,Bozberg,8.1318326881241,47.4816996010531,536.0,1988,8,0.0,,
401012,CH_METEOSWISS,Bozberg,8.1318326881241,47.4816996010531,536.0,1988,9,0.0,,
401013,CH_METEOSWISS,Bozberg,8.1318326881241,47.4816996010531,536.0,1988,10,0.0,,
401014,CH_METEOSWISS,Bozberg,8.1318326881241,47.4816996010531,536.0,1988,11,21.0,,
401015,CH_METEOSWISS,Bozberg,8.1318326881241,47.4816996010531,536.0,1988,12,12.0,,
401016,CH_METEOSWISS,Bozberg,8.1318326881241,47.4816996010531,536.0,1989,1,2.0,,
401017,CH_METEOSWISS,Bozberg,8.1318326881241,47.4816996010531,536.0,1989,2,2.0,,
401018,CH_METEOSWISS,Bozberg,8.1318326881241,47.4816996010531,536.0,1989,3,0.0,,
401019,CH_METEOSWISS,Bozberg,8.1318326881241,47.4816996010531,536.0,1989,4,0.0,,
401020,CH_METEOSWISS,Bozberg,8.1318326881241,47.4816996010531,536.0,1989,5,0.0,,
401021,CH_METEOSWISS,Bozberg,8.1318326881241,47.4816996010531,536.0,1989,6,0.0,,
401022,CH_METEOSWISS,Bozberg,8.1318326881241,47.4816996010531,536.0,1989,7,0.0,,
401023,CH_METEOSWISS,Bozberg,8.1318326881241,47.4816996010531,536.0,1989,8,0.0,,
401024,CH_METEOSWISS,Bozberg,8.1318326881241,47.4816996010531,536.0,1989,9,0.0,,
401025,CH_METEOSWISS,Bozberg,8.1318326881241,47.4816996010531,536.0,1989,10,0.0,,
401026,CH_METEOSWISS,Bozberg,8.1318326881241,47.4816996010531,536.0,1989,11,0.0,,
401027,CH_METEOSWISS,Bozberg,8.1318326881241,47.4816996010531,536.0,1989,12,0.0,,
401028,CH_METEOSWISS,Bozberg,8.1318326881241,47.4816996010531,536.0,1990,1,0.0,,
401029,CH_METEOSWISS,Bozberg,8.1318326881241,47.4816996010531,536.0,1990,2,0.0,,
401030,CH_METEOSWISS,Bozberg,8.1318326881241,47.4816996010531,536.0,1990,3,0.0,,
401031,CH_METEOSWISS,Bozberg,8.1318326881241,47.4816996010531,536.0,1990,4,0.0,,
401032,CH_METEOSWISS,Bozberg,8.1318326881241,47.4816996010531,536.0,1990,5,0.0,,
401033,CH_METEOSWISS,Bozberg,8.1318326881241,47.4816996010531,536.0,1990,6,0.0,,
401034,CH_METEOSWISS,Bozberg,8.1318326881241,47.4816996010531,536.0,1990,7,0.0,,
401035,CH_METEOSWISS,Bozberg,8.1318326881241,47.4816996010531,536.0,1990,8,0.0,,
401036,CH_METEOSWISS,Bozberg,8.1318326881241,47.4816996010531,536.0,1990,9,0.0,,
401037,CH_METEOSWISS,Bozberg,8.1318326881241,47.4816996010531,536.0,1990,10,0.0,,
401038,CH_METEOSWISS,Bozberg,8.1318326881241,47.4816996010531,536.0,1990,11,10.0,,
401039,CH_METEOSWISS,Bozberg,8.1318326881241,47.4816996010531,536.0,1990,12,79.0,,
401040,CH_METEOSWISS,Bozberg,8.1318326881241,47.4816996010531,536.0,1991,1,11.0,,
401041,CH_METEOSWISS,Bozberg,8.1318326881241,47.4816996010531,536.0,1991,2,38.0,,
401042,CH_METEOSWISS,Bozberg,8.1318326881241,47.4816996010531,536.0,1991,3,0.0,,
401043,CH_METEOSWISS,Bozberg,8.1318326881241,47.4816996010531,536.0,1991,4,2.0,,
401044,CH_METEOSWISS,Bozberg,8.1318326881241,47.4816996010531,536.0,1991,5,0.0,,
401045,CH_METEOSWISS,Bozberg,8.1318326881241,47.4816996010531,536.0,1991,6,0.0,,
401046,CH_METEOSWISS,Bozberg,8.1318326881241,47.4816996010531,536.0,1991,7,0.0,,
401047,CH_METEOSWISS,Bozberg,8.1318326881241,47.4816996010531,536.0,1991,8,0.0,,
401048,CH_METEOSWISS,Bozberg,8.1318326881241,47.4816996010531,536.0,1991,9,0.0,,
401049,CH_METEOSWISS,Bozberg,8.1318326881241,47.4816996010531,536.0,1991,10,0.0,,
401050,CH_METEOSWISS,Bozberg,8.1318326881241,47.4816996010531,536.0,1991,11,2.0,,
401051,CH_METEOSWISS,Bozberg,8.1318326881241,47.4816996010531,536.0,1991,12,4.0,,
401052,CH_METEOSWISS,Bozberg,8.1318326881241,47.4816996010531,536.0,1992,1,11.0,,
401053,CH_METEOSWISS,Bozberg,8.1318326881241,47.4816996010531,536.0,1992,2,24.0,,
401054,CH_METEOSWISS,Bozberg,8.1318326881241,47.4816996010531,536.0,1992,3,0.0,,
401055,CH_METEOSWISS,Bozberg,8.1318326881241,47.4816996010531,536.0,1992,4,1.0,,
401056,CH_METEOSWISS,Bozberg,8.1318326881241,47.4816996010531,536.0,1992,5,0.0,,
401057,CH_METEOSWISS,Bozberg,8.1318326881241,47.4816996010531,536.0,1992,6,0.0,,
401058,CH_METEOSWISS,Bozberg,8.1318326881241,47.4816996010531,536.0,1992,7,0.0,,
401059,CH_METEOSWISS,Bozberg,8.1318326881241,47.4816996010531,536.0,1992,8,0.0,,
401060,CH_METEOSWISS,Bozberg,8.1318326881241,47.4816996010531,536.0,1992,9,0.0,,
401061,CH_METEOSWISS,Bozberg,8.1318326881241,47.4816996010531,536.0,1992,10,0.0,,
401062,CH_METEOSWISS,Bozberg,8.1318326881241,47.4816996010531,536.0,1992,11,1.0,,
401063,CH_METEOSWISS,Bozberg,8.1318326881241,47.4816996010531,536.0,1992,12,2.0,,
401064,CH_METEOSWISS,Bozberg,8.1318326881241,47.4816996010531,536.0,1993,1,8.0,,
401065,CH_METEOSWISS,Bozberg,8.1318326881241,47.4816996010531,536.0,1993,2,14.0,,
401066,CH_METEOSWISS,Bozberg,8.1318326881241,47.4816996010531,536.0,1993,3,6.0,,
401067,CH_METEOSWISS,Bozberg,8.1318326881241,47.4816996010531,536.0,1993,4,0.0,,
401068,CH_METEOSWISS,Bozberg,8.1318326881241,47.4816996010531,536.0,1993,5,0.0,,
401069,CH_METEOSWISS,Bozberg,8.1318326881241,47.4816996010531,536.0,1993,6,0.0,,
401070,CH_METEOSWISS,Bozberg,8.1318326881241,47.4816996010531,536.0,1993,7,0.0,,
401071,CH_METEOSWISS,Bozberg,8.1318326881241,47.4816996010531,536.0,1993,8,0.0,,
401072,CH_METEOSWISS,Bozberg,8.1318326881241,47.4816996010531,536.0,1993,9,0.0,,
401073,CH_METEOSWISS,Bozberg,8.1318326881241,47.4816996010531,536.0,1993,10,0.0,,
401074,CH_METEOSWISS,Bozberg,8.1318326881241,47.4816996010531,536.0,1993,11,0.0,,
401075,CH_METEOSWISS,Bozberg,8.1318326881241,47.4816996010531,536.0,1993,12,11.0,,
401076,CH_METEOSWISS,Bozberg,8.1318326881241,47.4816996010531,536.0,1994,1,7.0,,
401077,CH_METEOSWISS,Bozberg,8.1318326881241,47.4816996010531,536.0,1994,2,2.0,,
401078,CH_METEOSWISS,Bozberg,8.1318326881241,47.4816996010531,536.0,1994,3,1.0,,
401079,CH_METEOSWISS,Bozberg,8.1318326881241,47.4816996010531,536.0,1994,4,8.0,,
401080,CH_METEOSWISS,Bozberg,8.1318326881241,47.4816996010531,536.0,1994,5,0.0,,
401081,CH_METEOSWISS,Bozberg,8.1318326881241,47.4816996010531,536.0,1994,6,0.0,,
401082,CH_METEOSWISS,Bozberg,8.1318326881241,47.4816996010531,536.0,1994,7,0.0,,
401083,CH_METEOSWISS,Bozberg,8.1318326881241,47.4816996010531,536.0,1994,8,0.0,,
401084,CH_METEOSWISS,Bozberg,8.1318326881241,47.4816996010531,536.0,1994,9,0.0,,
401085,CH_METEOSWISS,Bozberg,8.1318326881241,47.4816996010531,536.0,1994,10,0.0,,
401086,CH_METEOSWISS,Bozberg,8.1318326881241,47.4816996010531,536.0,1994,11,0.0,,
401087,CH_METEOSWISS,Bozberg,8.1318326881241,47.4816996010531,536.0,1994,12,0.0,,
401088,CH_METEOSWISS,Bozberg,8.1318326881241,47.4816996010531,536.0,1995,1,,,
401089,CH_METEOSWISS,Bozberg,8.1318326881241,47.4816996010531,536.0,1995,2,,,
401090,CH_METEOSWISS,Bozberg,8.1318326881241,47.4816996010531,536.0,1995,3,,,
401091,CH_METEOSWISS,Bozberg,8.1318326881241,47.4816996010531,536.0,1995,4,,,
401092,CH_METEOSWISS,Bozberg,8.1318326881241,47.4816996010531,536.0,1995,5,,,
401093,CH_METEOSWISS,Bozberg,8.1318326881241,47.4816996010531,536.0,1995,6,,,
401094,CH_METEOSWISS,Bozberg,8.1318326881241,47.4816996010531,536.0,1995,7,,,
401095,CH_METEOSWISS,Bozberg,8.1318326881241,47.4816996010531,536.0,1995,8,,,
401096,CH_METEOSWISS,Bozberg,8.1318326881241,47.4816996010531,536.0,1995,9,,,
401097,CH_METEOSWISS,Bozberg,8.1318326881241,47.4816996010531,536.0,1995,10,,,
401098,CH_METEOSWISS,Bozberg,8.1318326881241,47.4816996010531,536.0,1995,11,,,
401099,CH_METEOSWISS,Bozberg,8.1318326881241,47.4816996010531,536.0,1995,12,,,
401100,CH_METEOSWISS,Bozberg,8.1318326881241,47.4816996010531,536.0,1996,1,,,
401101,CH_METEOSWISS,Bozberg,8.1318326881241,47.4816996010531,536.0,1996,2,,,
401102,CH_METEOSWISS,Bozberg,8.1318326881241,47.4816996010531,536.0,1996,3,,,
401103,CH_METEOSWISS,Bozberg,8.1318326881241,47.4816996010531,536.0,1996,4,,,
401104,CH_METEOSWISS,Bozberg,8.1318326881241,47.4816996010531,536.0,1996,5,,,
401105,CH_METEOSWISS,Bozberg,8.1318326881241,47.4816996010531,536.0,1996,6,,,
401106,CH_METEOSWISS,Bozberg,8.1318326881241,47.4816996010531,536.0,1996,7,,,
401107,CH_METEOSWISS,Bozberg,8.1318326881241,47.4816996010531,536.0,1996,8,,,
401108,CH_METEOSWISS,Bozberg,8.1318326881241,47.4816996010531,536.0,1996,9,,,
401109,CH_METEOSWISS,Bozberg,8.1318326881241,47.4816996010531,536.0,1996,10,,,
401110,CH_METEOSWISS,Bozberg,8.1318326881241,47.4816996010531,536.0,1996,11,,,
401111,CH_METEOSWISS,Bozberg,8.1318326881241,47.4816996010531,536.0,1996,12,,,
401112,CH_METEOSWISS,Bozberg,8.1318326881241,47.4816996010531,536.0,1997,1,,,
401113,CH_METEOSWISS,Bozberg,8.1318326881241,47.4816996010531,536.0,1997,2,,,
401114,CH_METEOSWISS,Bozberg,8.1318326881241,47.4816996010531,536.0,1997,3,,,
401115,CH_METEOSWISS,Bozberg,8.1318326881241,47.4816996010531,536.0,1997,4,,,
401116,CH_METEOSWISS,Bozberg,8.1318326881241,47.4816996010531,536.0,1997,5,,,
401117,CH_METEOSWISS,Bozberg,8.1318326881241,47.4816996010531,536.0,1997,6,,,
401118,CH_METEOSWISS,Bozberg,8.1318326881241,47.4816996010531,536.0,1997,7,,,
401119,CH_METEOSWISS,Bozberg,8.1318326881241,47.4816996010531,536.0,1997,8,,,
401120,CH_METEOSWISS,Bozberg,8.1318326881241,47.4816996010531,536.0,1997,9,,,
401121,CH_METEOSWISS,Bozberg,8.1318326881241,47.4816996010531,536.0,1997,10,,,
401122,CH_METEOSWISS,Bozberg,8.1318326881241,47.4816996010531,536.0,1997,11,,,
401123,CH_METEOSWISS,Bozberg,8.1318326881241,47.4816996010531,536.0,1997,12,,,
401124,CH_METEOSWISS,Bozberg,8.1318326881241,47.4816996010531,536.0,1998,1,,,
401125,CH_METEOSWISS,Bozberg,8.1318326881241,47.4816996010531,536.0,1998,2,,,
401126,CH_METEOSWISS,Bozberg,8.1318326881241,47.4816996010531,536.0,1998,3,,,
401127,CH_METEOSWISS,Bozberg,8.1318326881241,47.4816996010531,536.0,1998,4,,,
401128,CH_METEOSWISS,Bozberg,8.1318326881241,47.4816996010531,536.0,1998,5,,,
401129,CH_METEOSWISS,Bozberg,8.1318326881241,47.4816996010531,536.0,1998,6,,,
401130,CH_METEOSWISS,Bozberg,8.1318326881241,47.4816996010531,536.0,1998,7,,,
401131,CH_METEOSWISS,Bozberg,8.1318326881241,47.4816996010531,536.0,1998,8,,,
401132,CH_METEOSWISS,Bozberg,8.1318326881241,47.4816996010531,536.0,1998,9,,,
401133,CH_METEOSWISS,Bozberg,8.1318326881241,47.4816996010531,536.0,1998,10,,,
401134,CH_METEOSWISS,Bozberg,8.1318326881241,47.4816996010531,536.0,1998,11,,,
401135,CH_METEOSWISS,Bozberg,8.1318326881241,47.4816996010531,536.0,1998,12,,,
401136,CH_METEOSWISS,Bozberg,8.1318326881241,47.4816996010531,536.0,1999,1,,,
401137,CH_METEOSWISS,Bozberg,8.1318326881241,47.4816996010531,536.0,1999,2,,,
401138,CH_METEOSWISS,Bozberg,8.1318326881241,47.4816996010531,536.0,1999,3,,,
401139,CH_METEOSWISS,Bozberg,8.1318326881241,47.4816996010531,536.0,1999,4,,,
401140,CH_METEOSWISS,Bozberg,8.1318326881241,47.4816996010531,536.0,1999,5,,,
401141,CH_METEOSWISS,Bozberg,8.1318326881241,47.4816996010531,536.0,1999,6,,,
401142,CH_METEOSWISS,Bozberg,8.1318326881241,47.4816996010531,536.0,1999,7,,,
401143,CH_METEOSWISS,Bozberg,8.1318326881241,47.4816996010531,536.0,1999,8,,,
401144,CH_METEOSWISS,Bozberg,8.1318326881241,47.4816996010531,536.0,1999,9,,,
401145,CH_METEOSWISS,Bozberg,8.1318326881241,47.4816996010531,536.0,1999,10,,,
401146,CH_METEOSWISS,Bozberg,8.1318326881241,47.4816996010531,536.0,1999,11,,,
401147,CH_METEOSWISS,Bozberg,8.1318326881241,47.4816996010531,536.0,1999,12,,,
401148,CH_METEOSWISS,Bozberg,8.1318326881241,47.4816996010531,536.0,2000,1,,,
401149,CH_METEOSWISS,Bozberg,8.1318326881241,47.4816996010531,536.0,2000,2,,,
401150,CH_METEOSWISS,Bozberg,8.1318326881241,47.4816996010531,536.0,2000,3,,,
401151,CH_METEOSWISS,Bozberg,8.1318326881241,47.4816996010531,536.0,2000,4,,,
401152,CH_METEOSWISS,Bozberg,8.1318326881241,47.4816996010531,536.0,2000,5,,,
401153,CH_METEOSWISS,Bozberg,8.1318326881241,47.4816996010531,536.0,2000,6,,,
401154,CH_METEOSWISS,Bozberg,8.1318326881241,47.4816996010531,536.0,2000,7,,,
401155,CH_METEOSWISS,Bozberg,8.1318326881241,47.4816996010531,536.0,2000,8,,,
401156,CH_METEOSWISS,Bozberg,8.1318326881241,47.4816996010531,536.0,2000,9,,,
401157,CH_METEOSWISS,Bozberg,8.1318326881241,47.4816996010531,536.0,2000,10,,,
401158,CH_METEOSWISS,Bozberg,8.1318326881241,47.4816996010531,536.0,2000,11,,,
401159,CH_METEOSWISS,Bozberg,8.1318326881241,47.4816996010531,536.0,2000,12,,,
401160,CH_METEOSWISS,Bozberg,8.1318326881241,47.4816996010531,536.0,2001,1,,,
401161,CH_METEOSWISS,Bozberg,8.1318326881241,47.4816996010531,536.0,2001,2,,,
401162,CH_METEOSWISS,Bozberg,8.1318326881241,47.4816996010531,536.0,2001,3,,,
401163,CH_METEOSWISS,Bozberg,8.1318326881241,47.4816996010531,536.0,2001,4,,,
401164,CH_METEOSWISS,Bozberg,8.1318326881241,47.4816996010531,536.0,2001,5,,,
401165,CH_METEOSWISS,Bozberg,8.1318326881241,47.4816996010531,536.0,2001,6,,,
401166,CH_METEOSWISS,Bozberg,8.1318326881241,47.4816996010531,536.0,2001,7,,,
401167,CH_METEOSWISS,Bozberg,8.1318326881241,47.4816996010531,536.0,2001,8,,,
401168,CH_METEOSWISS,Bozberg,8.1318326881241,47.4816996010531,536.0,2001,9,,,
401169,CH_METEOSWISS,Bozberg,8.1318326881241,47.4816996010531,536.0,2001,10,,,
401170,CH_METEOSWISS,Bozberg,8.1318326881241,47.4816996010531,536.0,2001,11,,,
401171,CH_METEOSWISS,Bozberg,8.1318326881241,47.4816996010531,536.0,2001,12,,,
401172,CH_METEOSWISS,Bozberg,8.1318326881241,47.4816996010531,536.0,2002,1,,,
401173,CH_METEOSWISS,Bozberg,8.1318326881241,47.4816996010531,536.0,2002,2,,,
401174,CH_METEOSWISS,Bozberg,8.1318326881241,47.4816996010531,536.0,2002,3,,,
401175,CH_METEOSWISS,Bozberg,8.1318326881241,47.4816996010531,536.0,2002,4,,,
401176,CH_METEOSWISS,Bozberg,8.1318326881241,47.4816996010531,536.0,2002,5,,,
401177,CH_METEOSWISS,Bozberg,8.1318326881241,47.4816996010531,536.0,2002,6,,,
401178,CH_METEOSWISS,Bozberg,8.1318326881241,47.4816996010531,536.0,2002,7,,,
401179,CH_METEOSWISS,Bozberg,8.1318326881241,47.4816996010531,536.0,2002,8,,,
401180,CH_METEOSWISS,Bozberg,8.1318326881241,47.4816996010531,536.0,2002,9,,,
401181,CH_METEOSWISS,Bozberg,8.1318326881241,47.4816996010531,536.0,2002,10,,,
401182,CH_METEOSWISS,Bozberg,8.1318326881241,47.4816996010531,536.0,2002,11,,,
401183,CH_METEOSWISS,Bozberg,8.1318326881241,47.4816996010531,536.0,2002,12,,,
401184,CH_METEOSWISS,Bozberg,8.1318326881241,47.4816996010531,536.0,2003,1,,,
401185,CH_METEOSWISS,Bozberg,8.1318326881241,47.4816996010531,536.0,2003,2,,,
401186,CH_METEOSWISS,Bozberg,8.1318326881241,47.4816996010531,536.0,2003,3,,,
401187,CH_METEOSWISS,Bozberg,8.1318326881241,47.4816996010531,536.0,2003,4,,,
401188,CH_METEOSWISS,Bozberg,8.1318326881241,47.4816996010531,536.0,2003,5,,,
401189,CH_METEOSWISS,Bozberg,8.1318326881241,47.4816996010531,536.0,2003,6,,,
401190,CH_METEOSWISS,Bozberg,8.1318326881241,47.4816996010531,536.0,2003,7,,,
401191,CH_METEOSWISS,Bozberg,8.1318326881241,47.4816996010531,536.0,2003,8,,,
401192,CH_METEOSWISS,Bozberg,8.1318326881241,47.4816996010531,536.0,2003,9,,,
401193,CH_METEOSWISS,Bozberg,8.1318326881241,47.4816996010531,536.0,2003,10,,,
401194,CH_METEOSWISS,Bozberg,8.1318326881241,47.4816996010531,536.0,2003,11,,,
401195,CH_METEOSWISS,Bozberg,8.1318326881241,47.4816996010531,536.0,2003,12,,,
401196,CH_METEOSWISS,Bozberg,8.1318326881241,47.4816996010531,536.0,2004,1,,,
401197,CH_METEOSWISS,Bozberg,8.1318326881241,47.4816996010531,536.0,2004,2,,,
401198,CH_METEOSWISS,Bozberg,8.1318326881241,47.4816996010531,536.0,2004,3,,,
401199,CH_METEOSWISS,Bozberg,8.1318326881241,47.4816996010531,536.0,2004,4,,,
401200,CH_METEOSWISS,Bozberg,8.1318326881241,47.4816996010531,536.0,2004,5,,,
401201,CH_METEOSWISS,Bozberg,8.1318326881241,47.4816996010531,536.0,2004,6,,,
401202,CH_METEOSWISS,Bozberg,8.1318326881241,47.4816996010531,536.0,2004,7,,,
401203,CH_METEOSWISS,Bozberg,8.1318326881241,47.4816996010531,536.0,2004,8,,,
401204,CH_METEOSWISS,Bozberg,8.1318326881241,47.4816996010531,536.0,2004,9,,,
401205,CH_METEOSWISS,Bozberg,8.1318326881241,47.4816996010531,536.0,2004,10,,,
401206,CH_METEOSWISS,Bozberg,8.1318326881241,47.4816996010531,536.0,2004,11,,,
401207,CH_METEOSWISS,Bozberg,8.1318326881241,47.4816996010531,536.0,2004,12,,,
401208,CH_METEOSWISS,Bozberg,8.1318326881241,47.4816996010531,536.0,2005,1,,,
401209,CH_METEOSWISS,Bozberg,8.1318326881241,47.4816996010531,536.0,2005,2,,,
401210,CH_METEOSWISS,Bozberg,8.1318326881241,47.4816996010531,536.0,2005,3,,,
401211,CH_METEOSWISS,Bozberg,8.1318326881241,47.4816996010531,536.0,2005,4,,,
401212,CH_METEOSWISS,Bozberg,8.1318326881241,47.4816996010531,536.0,2005,5,,,
401213,CH_METEOSWISS,Bozberg,8.1318326881241,47.4816996010531,536.0,2005,6,,,
401214,CH_METEOSWISS,Bozberg,8.1318326881241,47.4816996010531,536.0,2005,7,,,
401215,CH_METEOSWISS,Bozberg,8.1318326881241,47.4816996010531,536.0,2005,8,,,
401216,CH_METEOSWISS,Bozberg,8.1318326881241,47.4816996010531,536.0,2005,9,,,
401217,CH_METEOSWISS,Bozberg,8.1318326881241,47.4816996010531,536.0,2005,10,,,
401218,CH_METEOSWISS,Bozberg,8.1318326881241,47.4816996010531,536.0,2005,11,,,
401219,CH_METEOSWISS,Bozberg,8.1318326881241,47.4816996010531,536.0,2005,12,,,
401220,CH_METEOSWISS,Bozberg,8.1318326881241,47.4816996010531,536.0,2006,1,,,
401221,CH_METEOSWISS,Bozberg,8.1318326881241,47.4816996010531,536.0,2006,2,,,
401222,CH_METEOSWISS,Bozberg,8.1318326881241,47.4816996010531,536.0,2006,3,,,
401223,CH_METEOSWISS,Bozberg,8.1318326881241,47.4816996010531,536.0,2006,4,,,
401224,CH_METEOSWISS,Bozberg,8.1318326881241,47.4816996010531,536.0,2006,5,,,
401225,CH_METEOSWISS,Bozberg,8.1318326881241,47.4816996010531,536.0,2006,6,,,
401226,CH_METEOSWISS,Bozberg,8.1318326881241,47.4816996010531,536.0,2006,7,,,
401227,CH_METEOSWISS,Bozberg,8.1318326881241,47.4816996010531,536.0,2006,8,,,
401228,CH_METEOSWISS,Bozberg,8.1318326881241,47.4816996010531,536.0,2006,9,,,
401229,CH_METEOSWISS,Bozberg,8.1318326881241,47.4816996010531,536.0,2006,10,,,
401230,CH_METEOSWISS,Bozberg,8.1318326881241,47.4816996010531,536.0,2006,11,,,
401231,CH_METEOSWISS,Bozberg,8.1318326881241,47.4816996010531,536.0,2006,12,,,
401232,CH_METEOSWISS,Bozberg,8.1318326881241,47.4816996010531,536.0,2007,1,,,
401233,CH_METEOSWISS,Bozberg,8.1318326881241,47.4816996010531,536.0,2007,2,,,
401234,CH_METEOSWISS,Bozberg,8.1318326881241,47.4816996010531,536.0,2007,3,,,
401235,CH_METEOSWISS,Bozberg,8.1318326881241,47.4816996010531,536.0,2007,4,,,
401236,CH_METEOSWISS,Bozberg,8.1318326881241,47.4816996010531,536.0,2007,5,,,
401237,CH_METEOSWISS,Bozberg,8.1318326881241,47.4816996010531,536.0,2007,6,,,
401238,CH_METEOSWISS,Bozberg,8.1318326881241,47.4816996010531,536.0,2007,7,,,
401239,CH_METEOSWISS,Bozberg,8.1318326881241,47.4816996010531,536.0,2007,8,,,
401240,CH_METEOSWISS,Bozberg,8.1318326881241,47.4816996010531,536.0,2007,9,,,
401241,CH_METEOSWISS,Bozberg,8.1318326881241,47.4816996010531,536.0,2007,10,,,
401242,CH_METEOSWISS,Bozberg,8.1318326881241,47.4816996010531,536.0,2007,11,,,
401243,CH_METEOSWISS,Bozberg,8.1318326881241,47.4816996010531,536.0,2007,12,,,
401244,CH_METEOSWISS,Bozberg,8.1318326881241,47.4816996010531,536.0,2008,1,,,
401245,CH_METEOSWISS,Bozberg,8.1318326881241,47.4816996010531,536.0,2008,2,,,
401246,CH_METEOSWISS,Bozberg,8.1318326881241,47.4816996010531,536.0,2008,3,,,
401247,CH_METEOSWISS,Bozberg,8.1318326881241,47.4816996010531,536.0,2008,4,,,
401248,CH_METEOSWISS,Bozberg,8.1318326881241,47.4816996010531,536.0,2008,5,,,
401249,CH_METEOSWISS,Bozberg,8.1318326881241,47.4816996010531,536.0,2008,6,,,
401250,CH_METEOSWISS,Bozberg,8.1318326881241,47.4816996010531,536.0,2008,7,,,
401251,CH_METEOSWISS,Bozberg,8.1318326881241,47.4816996010531,536.0,2008,8,,,
401252,CH_METEOSWISS,Bozberg,8.1318326881241,47.4816996010531,536.0,2008,9,,,
401253,CH_METEOSWISS,Bozberg,8.1318326881241,47.4816996010531,536.0,2008,10,,,
401254,CH_METEOSWISS,Bozberg,8.1318326881241,47.4816996010531,536.0,2008,11,,,
401255,CH_METEOSWISS,Bozberg,8.1318326881241,47.4816996010531,536.0,2008,12,,,
401256,CH_METEOSWISS,Bozberg,8.1318326881241,47.4816996010531,536.0,2009,1,,,
401257,CH_METEOSWISS,Bozberg,8.1318326881241,47.4816996010531,536.0,2009,2,,,
401258,CH_METEOSWISS,Bozberg,8.1318326881241,47.4816996010531,536.0,2009,3,,,
401259,CH_METEOSWISS,Bozberg,8.1318326881241,47.4816996010531,536.0,2009,4,,,
401260,CH_METEOSWISS,Bozberg,8.1318326881241,47.4816996010531,536.0,2009,5,,,
401261,CH_METEOSWISS,Bozberg,8.1318326881241,47.4816996010531,536.0,2009,6,,,
401262,CH_METEOSWISS,Bozberg,8.1318326881241,47.4816996010531,536.0,2009,7,,,
401263,CH_METEOSWISS,Bozberg,8.1318326881241,47.4816996010531,536.0,2009,8,,,
401264,CH_METEOSWISS,Bozberg,8.1318326881241,47.4816996010531,536.0,2009,9,,,
401265,CH_METEOSWISS,Bozberg,8.1318326881241,47.4816996010531,536.0,2009,10,,,
401266,CH_METEOSWISS,Bozberg,8.1318326881241,47.4816996010531,536.0,2009,11,,,
401267,CH_METEOSWISS,Bozberg,8.1318326881241,47.4816996010531,536.0,2009,12,,,
401268,CH_METEOSWISS,Bozberg,8.1318326881241,47.4816996010531,536.0,2010,1,,,
401269,CH_METEOSWISS,Bozberg,8.1318326881241,47.4816996010531,536.0,2010,2,,,
401270,CH_METEOSWISS,Bozberg,8.1318326881241,47.4816996010531,536.0,2010,3,,,
401271,CH_METEOSWISS,Bozberg,8.1318326881241,47.4816996010531,536.0,2010,4,,,
401272,CH_METEOSWISS,Bozberg,8.1318326881241,47.4816996010531,536.0,2010,5,,,
401273,CH_METEOSWISS,Bozberg,8.1318326881241,47.4816996010531,536.0,2010,6,,,
401274,CH_METEOSWISS,Bozberg,8.1318326881241,47.4816996010531,536.0,2010,7,,,
401275,CH_METEOSWISS,Bozberg,8.1318326881241,47.4816996010531,536.0,2010,8,,,
401276,CH_METEOSWISS,Bozberg,8.1318326881241,47.4816996010531,536.0,2010,9,,,
401277,CH_METEOSWISS,Bozberg,8.1318326881241,47.4816996010531,536.0,2010,10,,,
401278,CH_METEOSWISS,Bozberg,8.1318326881241,47.4816996010531,536.0,2010,11,,,
401279,CH_METEOSWISS,Bozberg,8.1318326881241,47.4816996010531,536.0,2010,12,,,
401280,CH_METEOSWISS,Bozberg,8.1318326881241,47.4816996010531,536.0,2011,1,,,
401281,CH_METEOSWISS,Bozberg,8.1318326881241,47.4816996010531,536.0,2011,2,,,
401282,CH_METEOSWISS,Bozberg,8.1318326881241,47.4816996010531,536.0,2011,3,,,
401283,CH_METEOSWISS,Bozberg,8.1318326881241,47.4816996010531,536.0,2011,4,,,
401284,CH_METEOSWISS,Bozberg,8.1318326881241,47.4816996010531,536.0,2011,5,,,
401285,CH_METEOSWISS,Bozberg,8.1318326881241,47.4816996010531,536.0,2011,6,,,
401286,CH_METEOSWISS,Bozberg,8.1318326881241,47.4816996010531,536.0,2011,7,,,
401287,CH_METEOSWISS,Bozberg,8.1318326881241,47.4816996010531,536.0,2011,8,,,
401288,CH_METEOSWISS,Bozberg,8.1318326881241,47.4816996010531,536.0,2011,9,,,
401289,CH_METEOSWISS,Bozberg,8.1318326881241,47.4816996010531,536.0,2011,10,,,
401290,CH_METEOSWISS,Bozberg,8.1318326881241,47.4816996010531,536.0,2011,11,,,
401291,CH_METEOSWISS,Bozberg,8.1318326881241,47.4816996010531,536.0,2011,12,25.0,,
401292,CH_METEOSWISS,Bozberg,8.1318326881241,47.4816996010531,536.0,2012,1,10.0,,
401293,CH_METEOSWISS,Bozberg,8.1318326881241,47.4816996010531,536.0,2012,2,23.0,,
401294,CH_METEOSWISS,Bozberg,8.1318326881241,47.4816996010531,536.0,2012,3,0.0,,
401295,CH_METEOSWISS,Bozberg,8.1318326881241,47.4816996010531,536.0,2012,4,0.0,,
401296,CH_METEOSWISS,Bozberg,8.1318326881241,47.4816996010531,536.0,2012,5,0.0,,
401297,CH_METEOSWISS,Bozberg,8.1318326881241,47.4816996010531,536.0,2012,6,0.0,,
401298,CH_METEOSWISS,Bozberg,8.1318326881241,47.4816996010531,536.0,2012,7,0.0,,
401299,CH_METEOSWISS,Bozberg,8.1318326881241,47.4816996010531,536.0,2012,8,0.0,,
401300,CH_METEOSWISS,Bozberg,8.1318326881241,47.4816996010531,536.0,2012,9,0.0,,
401301,CH_METEOSWISS,Bozberg,8.1318326881241,47.4816996010531,536.0,2012,10,17.0,,
401302,CH_METEOSWISS,Bozberg,8.1318326881241,47.4816996010531,536.0,2012,11,3.0,,
401303,CH_METEOSWISS,Bozberg,8.1318326881241,47.4816996010531,536.0,2012,12,54.0,,
401304,CH_METEOSWISS,Bozberg,8.1318326881241,47.4816996010531,536.0,2013,1,16.0,,
401305,CH_METEOSWISS,Bozberg,8.1318326881241,47.4816996010531,536.0,2013,2,76.0,,
401306,CH_METEOSWISS,Bozberg,8.1318326881241,47.4816996010531,536.0,2013,3,13.0,,
401307,CH_METEOSWISS,Bozberg,8.1318326881241,47.4816996010531,536.0,2013,4,2.0,,
401308,CH_METEOSWISS,Bozberg,8.1318326881241,47.4816996010531,536.0,2013,5,0.0,,
401309,CH_METEOSWISS,Bozberg,8.1318326881241,47.4816996010531,536.0,2013,6,0.0,,
401310,CH_METEOSWISS,Bozberg,8.1318326881241,47.4816996010531,536.0,2013,7,0.0,,
401311,CH_METEOSWISS,Bozberg,8.1318326881241,47.4816996010531,536.0,2013,8,0.0,,
401312,CH_METEOSWISS,Bozberg,8.1318326881241,47.4816996010531,536.0,2013,9,0.0,,
401313,CH_METEOSWISS,Bozberg,8.1318326881241,47.4816996010531,536.0,2013,10,0.0,,
401314,CH_METEOSWISS,Bozberg,8.1318326881241,47.4816996010531,536.0,2013,11,21.0,,
401315,CH_METEOSWISS,Bozberg,8.1318326881241,47.4816996010531,536.0,2013,12,1.0,,
401316,CH_METEOSWISS,Bozberg,8.1318326881241,47.4816996010531,536.0,2014,1,5.0,,
401317,CH_METEOSWISS,Bozberg,8.1318326881241,47.4816996010531,536.0,2014,2,0.0,,
401318,CH_METEOSWISS,Bozberg,8.1318326881241,47.4816996010531,536.0,2014,3,0.0,,
401319,CH_METEOSWISS,Bozberg,8.1318326881241,47.4816996010531,536.0,2014,4,0.0,,
401320,CH_METEOSWISS,Bozberg,8.1318326881241,47.4816996010531,536.0,2014,5,0.0,,
401321,CH_METEOSWISS,Bozberg,8.1318326881241,47.4816996010531,536.0,2014,6,0.0,,
401322,CH_METEOSWISS,Bozberg,8.1318326881241,47.4816996010531,536.0,2014,7,0.0,,
401323,CH_METEOSWISS,Bozberg,8.1318326881241,47.4816996010531,536.0,2014,8,0.0,,
401324,CH_METEOSWISS,Bozberg,8.1318326881241,47.4816996010531,536.0,2014,9,0.0,,
401325,CH_METEOSWISS,Bozberg,8.1318326881241,47.4816996010531,536.0,2014,10,0.0,,
401326,CH_METEOSWISS,Bozberg,8.1318326881241,47.4816996010531,536.0,2014,11,0.0,,
401327,CH_METEOSWISS,Bozberg,8.1318326881241,47.4816996010531,536.0,2014,12,22.0,,
