,Provider,Name,Longitude,Latitude,Elevation,year,month,HNsum,HSmean_gapfill,HSmax_gapfill
640416,CH_SLF,Pusserein,9.70984653063677,46.9834621647487,940.0,1964,1,,4.74193548387097,15.0
640417,CH_SLF,Pusserein,9.70984653063677,46.9834621647487,940.0,1964,2,,19.2413793103448,41.0
640418,CH_SLF,Pusserein,9.70984653063677,46.9834621647487,940.0,1964,3,,10.4193548387097,25.0
640419,CH_SLF,Pusserein,9.70984653063677,46.9834621647487,940.0,1964,4,,0.633333333333333,5.0
640420,CH_SLF,Pusserein,9.70984653063677,46.9834621647487,940.0,1964,5,,,
640421,CH_SLF,Pusserein,9.70984653063677,46.9834621647487,940.0,1964,6,,,
640422,CH_SLF,Pusserein,9.70984653063677,46.9834621647487,940.0,1964,7,,,
640423,CH_SLF,Pusserein,9.70984653063677,46.9834621647487,940.0,1964,8,,,
640424,CH_SLF,Pusserein,9.70984653063677,46.9834621647487,940.0,1964,9,,,
640425,CH_SLF,Pusserein,9.70984653063677,46.9834621647487,940.0,1964,10,,1.29032258064516,7.0
640426,CH_SLF,Pusserein,9.70984653063677,46.9834621647487,940.0,1964,11,,1.6,32.0
640427,CH_SLF,Pusserein,9.70984653063677,46.9834621647487,940.0,1964,12,,32.741935483871,55.0
640428,CH_SLF,Pusserein,9.70984653063677,46.9834621647487,940.0,1965,1,,39.1612903225807,55.0
640429,CH_SLF,Pusserein,9.70984653063677,46.9834621647487,940.0,1965,2,,57.4642857142857,89.0
640430,CH_SLF,Pusserein,9.70984653063677,46.9834621647487,940.0,1965,3,,40.0322580645161,78.0
640431,CH_SLF,Pusserein,9.70984653063677,46.9834621647487,940.0,1965,4,,6.13333333333333,37.0
640432,CH_SLF,Pusserein,9.70984653063677,46.9834621647487,940.0,1965,5,,,
640433,CH_SLF,Pusserein,9.70984653063677,46.9834621647487,940.0,1965,6,,,
640434,CH_SLF,Pusserein,9.70984653063677,46.9834621647487,940.0,1965,7,,,
640435,CH_SLF,Pusserein,9.70984653063677,46.9834621647487,940.0,1965,8,,,
640436,CH_SLF,Pusserein,9.70984653063677,46.9834621647487,940.0,1965,9,,,
640437,CH_SLF,Pusserein,9.70984653063677,46.9834621647487,940.0,1965,10,,0.0,0.0
640438,CH_SLF,Pusserein,9.70984653063677,46.9834621647487,940.0,1965,11,,3.76666666666667,18.0
640439,CH_SLF,Pusserein,9.70984653063677,46.9834621647487,940.0,1965,12,,43.0,74.0
640440,CH_SLF,Pusserein,9.70984653063677,46.9834621647487,940.0,1966,1,,68.1935483870968,81.0
640441,CH_SLF,Pusserein,9.70984653063677,46.9834621647487,940.0,1966,2,,33.5,54.0
640442,CH_SLF,Pusserein,9.70984653063677,46.9834621647487,940.0,1966,3,,20.9354838709677,54.0
640443,CH_SLF,Pusserein,9.70984653063677,46.9834621647487,940.0,1966,4,,2.7,10.0
640444,CH_SLF,Pusserein,9.70984653063677,46.9834621647487,940.0,1966,5,,,
640445,CH_SLF,Pusserein,9.70984653063677,46.9834621647487,940.0,1966,6,,,
640446,CH_SLF,Pusserein,9.70984653063677,46.9834621647487,940.0,1966,7,,,
640447,CH_SLF,Pusserein,9.70984653063677,46.9834621647487,940.0,1966,8,,,
640448,CH_SLF,Pusserein,9.70984653063677,46.9834621647487,940.0,1966,9,,,
640449,CH_SLF,Pusserein,9.70984653063677,46.9834621647487,940.0,1966,10,,0.161290322580645,2.0
640450,CH_SLF,Pusserein,9.70984653063677,46.9834621647487,940.0,1966,11,,16.4666666666667,35.0
640451,CH_SLF,Pusserein,9.70984653063677,46.9834621647487,940.0,1966,12,,44.4193548387097,67.0
640452,CH_SLF,Pusserein,9.70984653063677,46.9834621647487,940.0,1967,1,,58.3870967741936,69.0
640453,CH_SLF,Pusserein,9.70984653063677,46.9834621647487,940.0,1967,2,,43.8571428571429,55.0
640454,CH_SLF,Pusserein,9.70984653063677,46.9834621647487,940.0,1967,3,,20.0967741935484,54.0
640455,CH_SLF,Pusserein,9.70984653063677,46.9834621647487,940.0,1967,4,,2.3,18.0
640456,CH_SLF,Pusserein,9.70984653063677,46.9834621647487,940.0,1967,5,,,
640457,CH_SLF,Pusserein,9.70984653063677,46.9834621647487,940.0,1967,6,,,
640458,CH_SLF,Pusserein,9.70984653063677,46.9834621647487,940.0,1967,7,,,
640459,CH_SLF,Pusserein,9.70984653063677,46.9834621647487,940.0,1967,8,,,
640460,CH_SLF,Pusserein,9.70984653063677,46.9834621647487,940.0,1967,9,,0.0,0.0
640461,CH_SLF,Pusserein,9.70984653063677,46.9834621647487,940.0,1967,10,,0.129032258064516,2.0
640462,CH_SLF,Pusserein,9.70984653063677,46.9834621647487,940.0,1967,11,,1.16666666666667,7.0
640463,CH_SLF,Pusserein,9.70984653063677,46.9834621647487,940.0,1967,12,,21.0322580645161,37.0
640464,CH_SLF,Pusserein,9.70984653063677,46.9834621647487,940.0,1968,1,,84.0,140.0
640465,CH_SLF,Pusserein,9.70984653063677,46.9834621647487,940.0,1968,2,,88.551724137931,113.0
640466,CH_SLF,Pusserein,9.70984653063677,46.9834621647487,940.0,1968,3,,65.7096774193548,86.0
640467,CH_SLF,Pusserein,9.70984653063677,46.9834621647487,940.0,1968,4,,3.26666666666667,12.0
640468,CH_SLF,Pusserein,9.70984653063677,46.9834621647487,940.0,1968,5,,0.0344827586206897,1.0
640469,CH_SLF,Pusserein,9.70984653063677,46.9834621647487,940.0,1968,6,,,
640470,CH_SLF,Pusserein,9.70984653063677,46.9834621647487,940.0,1968,7,,,
640471,CH_SLF,Pusserein,9.70984653063677,46.9834621647487,940.0,1968,8,,,
640472,CH_SLF,Pusserein,9.70984653063677,46.9834621647487,940.0,1968,9,,0.0,0.0
640473,CH_SLF,Pusserein,9.70984653063677,46.9834621647487,940.0,1968,10,,0.0,0.0
640474,CH_SLF,Pusserein,9.70984653063677,46.9834621647487,940.0,1968,11,,4.9,29.0
640475,CH_SLF,Pusserein,9.70984653063677,46.9834621647487,940.0,1968,12,,11.7741935483871,55.0
640476,CH_SLF,Pusserein,9.70984653063677,46.9834621647487,940.0,1969,1,,42.1935483870968,57.0
640477,CH_SLF,Pusserein,9.70984653063677,46.9834621647487,940.0,1969,2,,61.1785714285714,84.0
640478,CH_SLF,Pusserein,9.70984653063677,46.9834621647487,940.0,1969,3,,29.9354838709677,51.0
640479,CH_SLF,Pusserein,9.70984653063677,46.9834621647487,940.0,1969,4,,6.13333333333333,22.0
640480,CH_SLF,Pusserein,9.70984653063677,46.9834621647487,940.0,1969,5,,0.0,0.0
640481,CH_SLF,Pusserein,9.70984653063677,46.9834621647487,940.0,1969,6,,,
640482,CH_SLF,Pusserein,9.70984653063677,46.9834621647487,940.0,1969,7,,,
640483,CH_SLF,Pusserein,9.70984653063677,46.9834621647487,940.0,1969,8,,,
640484,CH_SLF,Pusserein,9.70984653063677,46.9834621647487,940.0,1969,9,,0.0,0.0
640485,CH_SLF,Pusserein,9.70984653063677,46.9834621647487,940.0,1969,10,,0.0,0.0
640486,CH_SLF,Pusserein,9.70984653063677,46.9834621647487,940.0,1969,11,21.0,2.03333333333333,15.0
640487,CH_SLF,Pusserein,9.70984653063677,46.9834621647487,940.0,1969,12,89.0,37.5161290322581,71.0
640488,CH_SLF,Pusserein,9.70984653063677,46.9834621647487,940.0,1970,1,52.0,31.0,39.0
640489,CH_SLF,Pusserein,9.70984653063677,46.9834621647487,940.0,1970,2,375.0,95.6071428571429,165.0
640490,CH_SLF,Pusserein,9.70984653063677,46.9834621647487,940.0,1970,3,124.0,122.161290322581,150.0
640491,CH_SLF,Pusserein,9.70984653063677,46.9834621647487,940.0,1970,4,81.0,65.3333333333333,108.0
640492,CH_SLF,Pusserein,9.70984653063677,46.9834621647487,940.0,1970,5,,2.51612903225806,18.0
640493,CH_SLF,Pusserein,9.70984653063677,46.9834621647487,940.0,1970,6,,,
640494,CH_SLF,Pusserein,9.70984653063677,46.9834621647487,940.0,1970,7,,,
640495,CH_SLF,Pusserein,9.70984653063677,46.9834621647487,940.0,1970,8,,,
640496,CH_SLF,Pusserein,9.70984653063677,46.9834621647487,940.0,1970,9,,0.0,0.0
640497,CH_SLF,Pusserein,9.70984653063677,46.9834621647487,940.0,1970,10,0.0,0.0,0.0
640498,CH_SLF,Pusserein,9.70984653063677,46.9834621647487,940.0,1970,11,53.0,3.53333333333333,25.0
640499,CH_SLF,Pusserein,9.70984653063677,46.9834621647487,940.0,1970,12,23.0,3.0,11.0
640500,CH_SLF,Pusserein,9.70984653063677,46.9834621647487,940.0,1971,1,21.0,8.35483870967742,16.0
640501,CH_SLF,Pusserein,9.70984653063677,46.9834621647487,940.0,1971,2,120.0,27.7142857142857,70.0
640502,CH_SLF,Pusserein,9.70984653063677,46.9834621647487,940.0,1971,3,66.0,47.3225806451613,81.0
640503,CH_SLF,Pusserein,9.70984653063677,46.9834621647487,940.0,1971,4,0.0,0.0,0.0
640504,CH_SLF,Pusserein,9.70984653063677,46.9834621647487,940.0,1971,5,,0.0,0.0
640505,CH_SLF,Pusserein,9.70984653063677,46.9834621647487,940.0,1971,6,,,
640506,CH_SLF,Pusserein,9.70984653063677,46.9834621647487,940.0,1971,7,,,
640507,CH_SLF,Pusserein,9.70984653063677,46.9834621647487,940.0,1971,8,,,
640508,CH_SLF,Pusserein,9.70984653063677,46.9834621647487,940.0,1971,9,,0.0,0.0
640509,CH_SLF,Pusserein,9.70984653063677,46.9834621647487,940.0,1971,10,0.0,0.0,0.0
640510,CH_SLF,Pusserein,9.70984653063677,46.9834621647487,940.0,1971,11,98.0,13.7666666666667,55.0
640511,CH_SLF,Pusserein,9.70984653063677,46.9834621647487,940.0,1971,12,53.0,30.0967741935484,55.0
640512,CH_SLF,Pusserein,9.70984653063677,46.9834621647487,940.0,1972,1,18.0,15.0967741935484,22.0
640513,CH_SLF,Pusserein,9.70984653063677,46.9834621647487,940.0,1972,2,23.0,3.51724137931035,15.0
640514,CH_SLF,Pusserein,9.70984653063677,46.9834621647487,940.0,1972,3,17.0,0.451612903225806,10.0
640515,CH_SLF,Pusserein,9.70984653063677,46.9834621647487,940.0,1972,4,0.0,0.0,0.0
640516,CH_SLF,Pusserein,9.70984653063677,46.9834621647487,940.0,1972,5,,0.032258064516129,1.0
640517,CH_SLF,Pusserein,9.70984653063677,46.9834621647487,940.0,1972,6,,,
640518,CH_SLF,Pusserein,9.70984653063677,46.9834621647487,940.0,1972,7,,,
640519,CH_SLF,Pusserein,9.70984653063677,46.9834621647487,940.0,1972,8,,,
640520,CH_SLF,Pusserein,9.70984653063677,46.9834621647487,940.0,1972,9,,0.0,0.0
640521,CH_SLF,Pusserein,9.70984653063677,46.9834621647487,940.0,1972,10,60.0,9.74193548387097,50.0
640522,CH_SLF,Pusserein,9.70984653063677,46.9834621647487,940.0,1972,11,69.0,4.96666666666667,23.0
640523,CH_SLF,Pusserein,9.70984653063677,46.9834621647487,940.0,1972,12,8.0,1.29032258064516,8.0
640524,CH_SLF,Pusserein,9.70984653063677,46.9834621647487,940.0,1973,1,94.0,11.2258064516129,70.0
640525,CH_SLF,Pusserein,9.70984653063677,46.9834621647487,940.0,1973,2,126.0,52.1428571428572,86.0
640526,CH_SLF,Pusserein,9.70984653063677,46.9834621647487,940.0,1973,3,51.0,53.3225806451613,81.0
640527,CH_SLF,Pusserein,9.70984653063677,46.9834621647487,940.0,1973,4,128.0,7.93333333333333,33.0
640528,CH_SLF,Pusserein,9.70984653063677,46.9834621647487,940.0,1973,5,,0.0,0.0
640529,CH_SLF,Pusserein,9.70984653063677,46.9834621647487,940.0,1973,6,,,
640530,CH_SLF,Pusserein,9.70984653063677,46.9834621647487,940.0,1973,7,,,
640531,CH_SLF,Pusserein,9.70984653063677,46.9834621647487,940.0,1973,8,,,
640532,CH_SLF,Pusserein,9.70984653063677,46.9834621647487,940.0,1973,9,,0.0,0.0
640533,CH_SLF,Pusserein,9.70984653063677,46.9834621647487,940.0,1973,10,0.0,0.0,0.0
640534,CH_SLF,Pusserein,9.70984653063677,46.9834621647487,940.0,1973,11,72.0,3.96666666666667,61.0
640535,CH_SLF,Pusserein,9.70984653063677,46.9834621647487,940.0,1973,12,133.0,49.9032258064516,75.0
640536,CH_SLF,Pusserein,9.70984653063677,46.9834621647487,940.0,1974,1,105.0,59.9354838709678,112.0
640537,CH_SLF,Pusserein,9.70984653063677,46.9834621647487,940.0,1974,2,122.0,73.2857142857143,115.0
640538,CH_SLF,Pusserein,9.70984653063677,46.9834621647487,940.0,1974,3,20.0,37.4838709677419,72.0
640539,CH_SLF,Pusserein,9.70984653063677,46.9834621647487,940.0,1974,4,0.0,0.0,0.0
640540,CH_SLF,Pusserein,9.70984653063677,46.9834621647487,940.0,1974,5,,0.0,0.0
640541,CH_SLF,Pusserein,9.70984653063677,46.9834621647487,940.0,1974,6,,,
640542,CH_SLF,Pusserein,9.70984653063677,46.9834621647487,940.0,1974,7,,,
640543,CH_SLF,Pusserein,9.70984653063677,46.9834621647487,940.0,1974,8,,,
640544,CH_SLF,Pusserein,9.70984653063677,46.9834621647487,940.0,1974,9,,0.0,0.0
640545,CH_SLF,Pusserein,9.70984653063677,46.9834621647487,940.0,1974,10,76.0,3.2258064516129,30.0
640546,CH_SLF,Pusserein,9.70984653063677,46.9834621647487,940.0,1974,11,120.0,8.66666666666667,49.0
640547,CH_SLF,Pusserein,9.70984653063677,46.9834621647487,940.0,1974,12,172.0,42.6774193548387,65.0
640548,CH_SLF,Pusserein,9.70984653063677,46.9834621647487,940.0,1975,1,65.0,44.7096774193548,61.0
640549,CH_SLF,Pusserein,9.70984653063677,46.9834621647487,940.0,1975,2,13.0,37.5357142857143,47.0
640550,CH_SLF,Pusserein,9.70984653063677,46.9834621647487,940.0,1975,3,95.0,7.2258064516129,27.0
640551,CH_SLF,Pusserein,9.70984653063677,46.9834621647487,940.0,1975,4,148.0,10.5333333333333,45.0
640552,CH_SLF,Pusserein,9.70984653063677,46.9834621647487,940.0,1975,5,,0.0,0.0
640553,CH_SLF,Pusserein,9.70984653063677,46.9834621647487,940.0,1975,6,,,
640554,CH_SLF,Pusserein,9.70984653063677,46.9834621647487,940.0,1975,7,,,
640555,CH_SLF,Pusserein,9.70984653063677,46.9834621647487,940.0,1975,8,,,
640556,CH_SLF,Pusserein,9.70984653063677,46.9834621647487,940.0,1975,9,,0.0,0.0
640557,CH_SLF,Pusserein,9.70984653063677,46.9834621647487,940.0,1975,10,0.0,0.0,0.0
640558,CH_SLF,Pusserein,9.70984653063677,46.9834621647487,940.0,1975,11,59.0,7.86666666666667,40.0
640559,CH_SLF,Pusserein,9.70984653063677,46.9834621647487,940.0,1975,12,49.0,21.9354838709677,40.0
640560,CH_SLF,Pusserein,9.70984653063677,46.9834621647487,940.0,1976,1,146.0,43.5161290322581,74.0
640561,CH_SLF,Pusserein,9.70984653063677,46.9834621647487,940.0,1976,2,24.0,42.448275862069,60.0
640562,CH_SLF,Pusserein,9.70984653063677,46.9834621647487,940.0,1976,3,4.0,2.19354838709677,16.0
640563,CH_SLF,Pusserein,9.70984653063677,46.9834621647487,940.0,1976,4,0.0,0.0,0.0
640564,CH_SLF,Pusserein,9.70984653063677,46.9834621647487,940.0,1976,5,,0.0,0.0
640565,CH_SLF,Pusserein,9.70984653063677,46.9834621647487,940.0,1976,6,,,
640566,CH_SLF,Pusserein,9.70984653063677,46.9834621647487,940.0,1976,7,,,
640567,CH_SLF,Pusserein,9.70984653063677,46.9834621647487,940.0,1976,8,,,
640568,CH_SLF,Pusserein,9.70984653063677,46.9834621647487,940.0,1976,9,,0.0,0.0
640569,CH_SLF,Pusserein,9.70984653063677,46.9834621647487,940.0,1976,10,0.0,0.0,0.0
640570,CH_SLF,Pusserein,9.70984653063677,46.9834621647487,940.0,1976,11,69.0,6.26666666666667,40.0
640571,CH_SLF,Pusserein,9.70984653063677,46.9834621647487,940.0,1976,12,118.0,33.9354838709677,84.0
640572,CH_SLF,Pusserein,9.70984653063677,46.9834621647487,940.0,1977,1,88.0,41.9354838709678,66.0
640573,CH_SLF,Pusserein,9.70984653063677,46.9834621647487,940.0,1977,2,29.0,21.1071428571429,34.0
640574,CH_SLF,Pusserein,9.70984653063677,46.9834621647487,940.0,1977,3,30.0,1.41935483870968,21.0
640575,CH_SLF,Pusserein,9.70984653063677,46.9834621647487,940.0,1977,4,70.0,6.8,45.0
640576,CH_SLF,Pusserein,9.70984653063677,46.9834621647487,940.0,1977,5,,0.0,0.0
640577,CH_SLF,Pusserein,9.70984653063677,46.9834621647487,940.0,1977,6,,,
640578,CH_SLF,Pusserein,9.70984653063677,46.9834621647487,940.0,1977,7,,,
640579,CH_SLF,Pusserein,9.70984653063677,46.9834621647487,940.0,1977,8,,,
640580,CH_SLF,Pusserein,9.70984653063677,46.9834621647487,940.0,1977,9,,0.0,0.0
640581,CH_SLF,Pusserein,9.70984653063677,46.9834621647487,940.0,1977,10,0.0,0.0,0.0
640582,CH_SLF,Pusserein,9.70984653063677,46.9834621647487,940.0,1977,11,116.0,10.0333333333333,40.0
640583,CH_SLF,Pusserein,9.70984653063677,46.9834621647487,940.0,1977,12,28.0,5.51612903225807,22.0
640584,CH_SLF,Pusserein,9.70984653063677,46.9834621647487,940.0,1978,1,134.0,33.5161290322581,71.0
640585,CH_SLF,Pusserein,9.70984653063677,46.9834621647487,940.0,1978,2,165.0,86.1785714285714,115.0
640586,CH_SLF,Pusserein,9.70984653063677,46.9834621647487,940.0,1978,3,149.0,33.0967741935484,61.0
640587,CH_SLF,Pusserein,9.70984653063677,46.9834621647487,940.0,1978,4,28.0,1.7,27.0
640588,CH_SLF,Pusserein,9.70984653063677,46.9834621647487,940.0,1978,5,,0.129032258064516,3.0
640589,CH_SLF,Pusserein,9.70984653063677,46.9834621647487,940.0,1978,6,,,
640590,CH_SLF,Pusserein,9.70984653063677,46.9834621647487,940.0,1978,7,,,
640591,CH_SLF,Pusserein,9.70984653063677,46.9834621647487,940.0,1978,8,,,
640592,CH_SLF,Pusserein,9.70984653063677,46.9834621647487,940.0,1978,9,,0.0,0.0
640593,CH_SLF,Pusserein,9.70984653063677,46.9834621647487,940.0,1978,10,0.0,0.0,0.0
640594,CH_SLF,Pusserein,9.70984653063677,46.9834621647487,940.0,1978,11,19.0,1.93333333333333,17.0
640595,CH_SLF,Pusserein,9.70984653063677,46.9834621647487,940.0,1978,12,17.0,4.0,12.0
640596,CH_SLF,Pusserein,9.70984653063677,46.9834621647487,940.0,1979,1,126.0,23.1290322580645,49.0
640597,CH_SLF,Pusserein,9.70984653063677,46.9834621647487,940.0,1979,2,16.0,8.96428571428571,33.0
640598,CH_SLF,Pusserein,9.70984653063677,46.9834621647487,940.0,1979,3,105.0,5.16129032258065,32.0
640599,CH_SLF,Pusserein,9.70984653063677,46.9834621647487,940.0,1979,4,35.0,1.63333333333333,15.0
640600,CH_SLF,Pusserein,9.70984653063677,46.9834621647487,940.0,1979,5,,0.806451612903226,12.0
640601,CH_SLF,Pusserein,9.70984653063677,46.9834621647487,940.0,1979,6,,,
640602,CH_SLF,Pusserein,9.70984653063677,46.9834621647487,940.0,1979,7,,,
640603,CH_SLF,Pusserein,9.70984653063677,46.9834621647487,940.0,1979,8,,,
640604,CH_SLF,Pusserein,9.70984653063677,46.9834621647487,940.0,1979,9,,0.0,0.0
640605,CH_SLF,Pusserein,9.70984653063677,46.9834621647487,940.0,1979,10,0.0,0.0,0.0
640606,CH_SLF,Pusserein,9.70984653063677,46.9834621647487,940.0,1979,11,51.0,8.6,24.0
640607,CH_SLF,Pusserein,9.70984653063677,46.9834621647487,940.0,1979,12,120.0,17.8387096774194,57.0
640608,CH_SLF,Pusserein,9.70984653063677,46.9834621647487,940.0,1980,1,143.0,74.4516129032258,99.0
640609,CH_SLF,Pusserein,9.70984653063677,46.9834621647487,940.0,1980,2,70.0,52.3448275862069,110.0
640610,CH_SLF,Pusserein,9.70984653063677,46.9834621647487,940.0,1980,3,45.0,13.9354838709677,33.0
640611,CH_SLF,Pusserein,9.70984653063677,46.9834621647487,940.0,1980,4,133.0,8.36666666666667,32.0
640612,CH_SLF,Pusserein,9.70984653063677,46.9834621647487,940.0,1980,5,,0.0645161290322581,2.0
640613,CH_SLF,Pusserein,9.70984653063677,46.9834621647487,940.0,1980,6,,,
640614,CH_SLF,Pusserein,9.70984653063677,46.9834621647487,940.0,1980,7,,,
640615,CH_SLF,Pusserein,9.70984653063677,46.9834621647487,940.0,1980,8,,,
640616,CH_SLF,Pusserein,9.70984653063677,46.9834621647487,940.0,1980,9,,0.0,0.0
640617,CH_SLF,Pusserein,9.70984653063677,46.9834621647487,940.0,1980,10,0.0,0.0,0.0
640618,CH_SLF,Pusserein,9.70984653063677,46.9834621647487,940.0,1980,11,25.0,1.46666666666667,12.0
640619,CH_SLF,Pusserein,9.70984653063677,46.9834621647487,940.0,1980,12,169.0,34.9354838709677,72.0
640620,CH_SLF,Pusserein,9.70984653063677,46.9834621647487,940.0,1981,1,268.0,101.677419354839,145.0
640621,CH_SLF,Pusserein,9.70984653063677,46.9834621647487,940.0,1981,2,50.0,94.5357142857143,123.0
640622,CH_SLF,Pusserein,9.70984653063677,46.9834621647487,940.0,1981,3,36.0,42.6774193548387,95.0
640623,CH_SLF,Pusserein,9.70984653063677,46.9834621647487,940.0,1981,4,12.0,0.366666666666667,4.0
640624,CH_SLF,Pusserein,9.70984653063677,46.9834621647487,940.0,1981,5,,0.0645161290322581,1.0
640625,CH_SLF,Pusserein,9.70984653063677,46.9834621647487,940.0,1981,6,,,
640626,CH_SLF,Pusserein,9.70984653063677,46.9834621647487,940.0,1981,7,,,
640627,CH_SLF,Pusserein,9.70984653063677,46.9834621647487,940.0,1981,8,,,
640628,CH_SLF,Pusserein,9.70984653063677,46.9834621647487,940.0,1981,9,,0.0,0.0
640629,CH_SLF,Pusserein,9.70984653063677,46.9834621647487,940.0,1981,10,34.0,2.03225806451613,28.0
640630,CH_SLF,Pusserein,9.70984653063677,46.9834621647487,940.0,1981,11,105.0,5.6,62.0
640631,CH_SLF,Pusserein,9.70984653063677,46.9834621647487,940.0,1981,12,338.0,107.774193548387,151.0
640632,CH_SLF,Pusserein,9.70984653063677,46.9834621647487,940.0,1982,1,153.0,93.4838709677419,183.0
640633,CH_SLF,Pusserein,9.70984653063677,46.9834621647487,940.0,1982,2,22.0,106.928571428571,145.0
640634,CH_SLF,Pusserein,9.70984653063677,46.9834621647487,940.0,1982,3,104.0,88.2258064516129,105.0
640635,CH_SLF,Pusserein,9.70984653063677,46.9834621647487,940.0,1982,4,0.0,5.1,51.0
640636,CH_SLF,Pusserein,9.70984653063677,46.9834621647487,940.0,1982,5,,0.0967741935483871,2.0
640637,CH_SLF,Pusserein,9.70984653063677,46.9834621647487,940.0,1982,6,,,
640638,CH_SLF,Pusserein,9.70984653063677,46.9834621647487,940.0,1982,7,,,
640639,CH_SLF,Pusserein,9.70984653063677,46.9834621647487,940.0,1982,8,,,
640640,CH_SLF,Pusserein,9.70984653063677,46.9834621647487,940.0,1982,9,,0.0,0.0
640641,CH_SLF,Pusserein,9.70984653063677,46.9834621647487,940.0,1982,10,0.0,0.0,0.0
640642,CH_SLF,Pusserein,9.70984653063677,46.9834621647487,940.0,1982,11,53.0,3.4,36.0
640643,CH_SLF,Pusserein,9.70984653063677,46.9834621647487,940.0,1982,12,75.0,9.51612903225806,26.0
640644,CH_SLF,Pusserein,9.70984653063677,46.9834621647487,940.0,1983,1,104.0,23.8064516129032,55.0
640645,CH_SLF,Pusserein,9.70984653063677,46.9834621647487,940.0,1983,2,70.0,45.7142857142857,61.0
640646,CH_SLF,Pusserein,9.70984653063677,46.9834621647487,940.0,1983,3,37.0,12.4516129032258,35.0
640647,CH_SLF,Pusserein,9.70984653063677,46.9834621647487,940.0,1983,4,62.0,2.6,26.0
640648,CH_SLF,Pusserein,9.70984653063677,46.9834621647487,940.0,1983,5,,0.0,0.0
640649,CH_SLF,Pusserein,9.70984653063677,46.9834621647487,940.0,1983,6,,,
640650,CH_SLF,Pusserein,9.70984653063677,46.9834621647487,940.0,1983,7,,,
640651,CH_SLF,Pusserein,9.70984653063677,46.9834621647487,940.0,1983,8,,,
640652,CH_SLF,Pusserein,9.70984653063677,46.9834621647487,940.0,1983,9,,0.0,0.0
640653,CH_SLF,Pusserein,9.70984653063677,46.9834621647487,940.0,1983,10,0.0,0.0,0.0
640654,CH_SLF,Pusserein,9.70984653063677,46.9834621647487,940.0,1983,11,13.0,0.933333333333333,10.0
640655,CH_SLF,Pusserein,9.70984653063677,46.9834621647487,940.0,1983,12,67.0,17.8064516129032,38.0
640656,CH_SLF,Pusserein,9.70984653063677,46.9834621647487,940.0,1984,1,147.0,30.6774193548387,66.0
640657,CH_SLF,Pusserein,9.70984653063677,46.9834621647487,940.0,1984,2,181.0,83.0689655172414,116.0
640658,CH_SLF,Pusserein,9.70984653063677,46.9834621647487,940.0,1984,3,51.0,58.1612903225807,83.0
640659,CH_SLF,Pusserein,9.70984653063677,46.9834621647487,940.0,1984,4,40.0,9.03333333333333,32.0
640660,CH_SLF,Pusserein,9.70984653063677,46.9834621647487,940.0,1984,5,,0.0,0.0
640661,CH_SLF,Pusserein,9.70984653063677,46.9834621647487,940.0,1984,6,,,
640662,CH_SLF,Pusserein,9.70984653063677,46.9834621647487,940.0,1984,7,,,
640663,CH_SLF,Pusserein,9.70984653063677,46.9834621647487,940.0,1984,8,,,
640664,CH_SLF,Pusserein,9.70984653063677,46.9834621647487,940.0,1984,9,,0.0,0.0
640665,CH_SLF,Pusserein,9.70984653063677,46.9834621647487,940.0,1984,10,0.0,0.0,0.0
640666,CH_SLF,Pusserein,9.70984653063677,46.9834621647487,940.0,1984,11,10.0,0.566666666666667,6.0
640667,CH_SLF,Pusserein,9.70984653063677,46.9834621647487,940.0,1984,12,22.0,2.70967741935484,12.0
640668,CH_SLF,Pusserein,9.70984653063677,46.9834621647487,940.0,1985,1,55.0,23.1290322580645,33.0
640669,CH_SLF,Pusserein,9.70984653063677,46.9834621647487,940.0,1985,2,55.0,15.5714285714286,37.0
640670,CH_SLF,Pusserein,9.70984653063677,46.9834621647487,940.0,1985,3,43.0,2.83870967741936,17.0
640671,CH_SLF,Pusserein,9.70984653063677,46.9834621647487,940.0,1985,4,8.0,0.3,4.0
640672,CH_SLF,Pusserein,9.70984653063677,46.9834621647487,940.0,1985,5,,0.161290322580645,4.0
640673,CH_SLF,Pusserein,9.70984653063677,46.9834621647487,940.0,1985,6,,,
640674,CH_SLF,Pusserein,9.70984653063677,46.9834621647487,940.0,1985,7,,,
640675,CH_SLF,Pusserein,9.70984653063677,46.9834621647487,940.0,1985,8,,,
640676,CH_SLF,Pusserein,9.70984653063677,46.9834621647487,940.0,1985,9,,0.0,0.0
640677,CH_SLF,Pusserein,9.70984653063677,46.9834621647487,940.0,1985,10,0.0,0.0,0.0
640678,CH_SLF,Pusserein,9.70984653063677,46.9834621647487,940.0,1985,11,57.0,11.8,30.0
640679,CH_SLF,Pusserein,9.70984653063677,46.9834621647487,940.0,1985,12,8.0,1.38709677419355,15.0
640680,CH_SLF,Pusserein,9.70984653063677,46.9834621647487,940.0,1986,1,244.0,49.9354838709678,103.0
640681,CH_SLF,Pusserein,9.70984653063677,46.9834621647487,940.0,1986,2,47.0,73.25,93.0
640682,CH_SLF,Pusserein,9.70984653063677,46.9834621647487,940.0,1986,3,43.0,34.8387096774194,78.0
640683,CH_SLF,Pusserein,9.70984653063677,46.9834621647487,940.0,1986,4,94.0,8.43333333333333,35.0
640684,CH_SLF,Pusserein,9.70984653063677,46.9834621647487,940.0,1986,5,,0.0,0.0
640685,CH_SLF,Pusserein,9.70984653063677,46.9834621647487,940.0,1986,6,,,
640686,CH_SLF,Pusserein,9.70984653063677,46.9834621647487,940.0,1986,7,,,
640687,CH_SLF,Pusserein,9.70984653063677,46.9834621647487,940.0,1986,8,,,
640688,CH_SLF,Pusserein,9.70984653063677,46.9834621647487,940.0,1986,9,,0.0,0.0
640689,CH_SLF,Pusserein,9.70984653063677,46.9834621647487,940.0,1986,10,0.0,0.0,0.0
640690,CH_SLF,Pusserein,9.70984653063677,46.9834621647487,940.0,1986,11,4.0,0.133333333333333,4.0
640691,CH_SLF,Pusserein,9.70984653063677,46.9834621647487,940.0,1986,12,209.0,29.8387096774194,99.0
640692,CH_SLF,Pusserein,9.70984653063677,46.9834621647487,940.0,1987,1,119.0,79.3548387096774,94.0
640693,CH_SLF,Pusserein,9.70984653063677,46.9834621647487,940.0,1987,2,26.0,61.6428571428572,79.0
640694,CH_SLF,Pusserein,9.70984653063677,46.9834621647487,940.0,1987,3,96.0,58.7096774193548,78.0
640695,CH_SLF,Pusserein,9.70984653063677,46.9834621647487,940.0,1987,4,8.0,9.76666666666667,48.0
640696,CH_SLF,Pusserein,9.70984653063677,46.9834621647487,940.0,1987,5,,0.387096774193548,9.0
640697,CH_SLF,Pusserein,9.70984653063677,46.9834621647487,940.0,1987,6,,,
640698,CH_SLF,Pusserein,9.70984653063677,46.9834621647487,940.0,1987,7,,,
640699,CH_SLF,Pusserein,9.70984653063677,46.9834621647487,940.0,1987,8,,,
640700,CH_SLF,Pusserein,9.70984653063677,46.9834621647487,940.0,1987,9,,0.0,0.0
640701,CH_SLF,Pusserein,9.70984653063677,46.9834621647487,940.0,1987,10,0.0,0.0,0.0
640702,CH_SLF,Pusserein,9.70984653063677,46.9834621647487,940.0,1987,11,53.0,5.26666666666667,32.0
640703,CH_SLF,Pusserein,9.70984653063677,46.9834621647487,940.0,1987,12,0.0,1.32258064516129,10.0
640704,CH_SLF,Pusserein,9.70984653063677,46.9834621647487,940.0,1988,1,55.0,3.74193548387097,24.0
640705,CH_SLF,Pusserein,9.70984653063677,46.9834621647487,940.0,1988,2,143.0,26.4137931034483,49.0
640706,CH_SLF,Pusserein,9.70984653063677,46.9834621647487,940.0,1988,3,268.0,69.258064516129,121.0
640707,CH_SLF,Pusserein,9.70984653063677,46.9834621647487,940.0,1988,4,5.0,15.1,66.0
640708,CH_SLF,Pusserein,9.70984653063677,46.9834621647487,940.0,1988,5,,0.0,0.0
640709,CH_SLF,Pusserein,9.70984653063677,46.9834621647487,940.0,1988,6,,,
640710,CH_SLF,Pusserein,9.70984653063677,46.9834621647487,940.0,1988,7,,,
640711,CH_SLF,Pusserein,9.70984653063677,46.9834621647487,940.0,1988,8,,,
640712,CH_SLF,Pusserein,9.70984653063677,46.9834621647487,940.0,1988,9,,0.0,0.0
640713,CH_SLF,Pusserein,9.70984653063677,46.9834621647487,940.0,1988,10,0.0,0.0,0.0
640714,CH_SLF,Pusserein,9.70984653063677,46.9834621647487,940.0,1988,11,15.0,2.13333333333333,10.0
640715,CH_SLF,Pusserein,9.70984653063677,46.9834621647487,940.0,1988,12,169.0,33.8387096774194,70.0
640716,CH_SLF,Pusserein,9.70984653063677,46.9834621647487,940.0,1989,1,4.0,28.3870967741936,35.0
640717,CH_SLF,Pusserein,9.70984653063677,46.9834621647487,940.0,1989,2,53.0,13.8571428571429,39.0
640718,CH_SLF,Pusserein,9.70984653063677,46.9834621647487,940.0,1989,3,23.0,1.25806451612903,10.0
640719,CH_SLF,Pusserein,9.70984653063677,46.9834621647487,940.0,1989,4,22.0,0.966666666666667,9.0
640720,CH_SLF,Pusserein,9.70984653063677,46.9834621647487,940.0,1989,5,,0.0,0.0
640721,CH_SLF,Pusserein,9.70984653063677,46.9834621647487,940.0,1989,6,,,
640722,CH_SLF,Pusserein,9.70984653063677,46.9834621647487,940.0,1989,7,,,
640723,CH_SLF,Pusserein,9.70984653063677,46.9834621647487,940.0,1989,8,,,
640724,CH_SLF,Pusserein,9.70984653063677,46.9834621647487,940.0,1989,9,,0.0,0.0
640725,CH_SLF,Pusserein,9.70984653063677,46.9834621647487,940.0,1989,10,0.0,0.0,0.0
640726,CH_SLF,Pusserein,9.70984653063677,46.9834621647487,940.0,1989,11,21.0,1.43333333333333,15.0
640727,CH_SLF,Pusserein,9.70984653063677,46.9834621647487,940.0,1989,12,10.0,1.16129032258065,10.0
640728,CH_SLF,Pusserein,9.70984653063677,46.9834621647487,940.0,1990,1,37.0,7.61290322580645,28.0
640729,CH_SLF,Pusserein,9.70984653063677,46.9834621647487,940.0,1990,2,77.0,8.46428571428571,57.0
640730,CH_SLF,Pusserein,9.70984653063677,46.9834621647487,940.0,1990,3,43.0,6.16129032258065,37.0
640731,CH_SLF,Pusserein,9.70984653063677,46.9834621647487,940.0,1990,4,48.0,2.16666666666667,32.0
640732,CH_SLF,Pusserein,9.70984653063677,46.9834621647487,940.0,1990,5,,0.0,0.0
640733,CH_SLF,Pusserein,9.70984653063677,46.9834621647487,940.0,1990,6,,,
640734,CH_SLF,Pusserein,9.70984653063677,46.9834621647487,940.0,1990,7,,,
640735,CH_SLF,Pusserein,9.70984653063677,46.9834621647487,940.0,1990,8,,,
640736,CH_SLF,Pusserein,9.70984653063677,46.9834621647487,940.0,1990,9,,0.0,0.0
640737,CH_SLF,Pusserein,9.70984653063677,46.9834621647487,940.0,1990,10,0.0,0.0,0.0
640738,CH_SLF,Pusserein,9.70984653063677,46.9834621647487,940.0,1990,11,58.0,4.1,18.0
640739,CH_SLF,Pusserein,9.70984653063677,46.9834621647487,940.0,1990,12,84.0,21.2903225806452,38.0
640740,CH_SLF,Pusserein,9.70984653063677,46.9834621647487,940.0,1991,1,30.0,5.61290322580645,15.0
640741,CH_SLF,Pusserein,9.70984653063677,46.9834621647487,940.0,1991,2,58.0,10.5357142857143,38.0
640742,CH_SLF,Pusserein,9.70984653063677,46.9834621647487,940.0,1991,3,12.0,0.387096774193548,10.0
640743,CH_SLF,Pusserein,9.70984653063677,46.9834621647487,940.0,1991,4,12.0,0.4,3.0
640744,CH_SLF,Pusserein,9.70984653063677,46.9834621647487,940.0,1991,5,,0.0967741935483871,2.0
640745,CH_SLF,Pusserein,9.70984653063677,46.9834621647487,940.0,1991,6,,,
640746,CH_SLF,Pusserein,9.70984653063677,46.9834621647487,940.0,1991,7,,,
640747,CH_SLF,Pusserein,9.70984653063677,46.9834621647487,940.0,1991,8,,,
640748,CH_SLF,Pusserein,9.70984653063677,46.9834621647487,940.0,1991,9,,0.0,0.0
640749,CH_SLF,Pusserein,9.70984653063677,46.9834621647487,940.0,1991,10,0.0,0.0,0.0
640750,CH_SLF,Pusserein,9.70984653063677,46.9834621647487,940.0,1991,11,65.0,5.23333333333333,35.0
640751,CH_SLF,Pusserein,9.70984653063677,46.9834621647487,940.0,1991,12,160.0,24.258064516129,76.0
640752,CH_SLF,Pusserein,9.70984653063677,46.9834621647487,940.0,1992,1,14.0,50.9677419354839,59.0
640753,CH_SLF,Pusserein,9.70984653063677,46.9834621647487,940.0,1992,2,113.0,66.2758620689655,99.0
640754,CH_SLF,Pusserein,9.70984653063677,46.9834621647487,940.0,1992,3,52.0,15.3225806451613,50.0
640755,CH_SLF,Pusserein,9.70984653063677,46.9834621647487,940.0,1992,4,43.0,1.46666666666667,20.0
640756,CH_SLF,Pusserein,9.70984653063677,46.9834621647487,940.0,1992,5,,0.0,0.0
640757,CH_SLF,Pusserein,9.70984653063677,46.9834621647487,940.0,1992,6,,0.0,0.0
640758,CH_SLF,Pusserein,9.70984653063677,46.9834621647487,940.0,1992,7,,,
640759,CH_SLF,Pusserein,9.70984653063677,46.9834621647487,940.0,1992,8,,,
640760,CH_SLF,Pusserein,9.70984653063677,46.9834621647487,940.0,1992,9,,0.0,0.0
640761,CH_SLF,Pusserein,9.70984653063677,46.9834621647487,940.0,1992,10,38.0,1.64516129032258,21.0
640762,CH_SLF,Pusserein,9.70984653063677,46.9834621647487,940.0,1992,11,57.0,3.73333333333333,26.0
640763,CH_SLF,Pusserein,9.70984653063677,46.9834621647487,940.0,1992,12,61.0,17.1935483870968,34.0
640764,CH_SLF,Pusserein,9.70984653063677,46.9834621647487,940.0,1993,1,56.0,8.32258064516129,42.0
640765,CH_SLF,Pusserein,9.70984653063677,46.9834621647487,940.0,1993,2,95.0,17.5,65.0
640766,CH_SLF,Pusserein,9.70984653063677,46.9834621647487,940.0,1993,3,53.0,16.1290322580645,41.0
640767,CH_SLF,Pusserein,9.70984653063677,46.9834621647487,940.0,1993,4,14.0,0.7,9.0
640768,CH_SLF,Pusserein,9.70984653063677,46.9834621647487,940.0,1993,5,,0.0,0.0
640769,CH_SLF,Pusserein,9.70984653063677,46.9834621647487,940.0,1993,6,,0.0,0.0
640770,CH_SLF,Pusserein,9.70984653063677,46.9834621647487,940.0,1993,7,,,
640771,CH_SLF,Pusserein,9.70984653063677,46.9834621647487,940.0,1993,8,,,
640772,CH_SLF,Pusserein,9.70984653063677,46.9834621647487,940.0,1993,9,,0.0,0.0
640773,CH_SLF,Pusserein,9.70984653063677,46.9834621647487,940.0,1993,10,14.0,0.548387096774194,11.0
640774,CH_SLF,Pusserein,9.70984653063677,46.9834621647487,940.0,1993,11,21.0,1.46666666666667,19.0
640775,CH_SLF,Pusserein,9.70984653063677,46.9834621647487,940.0,1993,12,121.0,14.5483870967742,47.0
640776,CH_SLF,Pusserein,9.70984653063677,46.9834621647487,940.0,1994,1,82.0,16.4193548387097,38.0
640777,CH_SLF,Pusserein,9.70984653063677,46.9834621647487,940.0,1994,2,59.0,26.3571428571429,49.0
640778,CH_SLF,Pusserein,9.70984653063677,46.9834621647487,940.0,1994,3,5.0,0.387096774193548,8.0
640779,CH_SLF,Pusserein,9.70984653063677,46.9834621647487,940.0,1994,4,54.0,2.76666666666667,34.0
640780,CH_SLF,Pusserein,9.70984653063677,46.9834621647487,940.0,1994,5,,0.0,0.0
640781,CH_SLF,Pusserein,9.70984653063677,46.9834621647487,940.0,1994,6,,0.0,0.0
640782,CH_SLF,Pusserein,9.70984653063677,46.9834621647487,940.0,1994,7,,,
640783,CH_SLF,Pusserein,9.70984653063677,46.9834621647487,940.0,1994,8,,,
640784,CH_SLF,Pusserein,9.70984653063677,46.9834621647487,940.0,1994,9,,0.0,0.0
640785,CH_SLF,Pusserein,9.70984653063677,46.9834621647487,940.0,1994,10,0.0,0.0,0.0
640786,CH_SLF,Pusserein,9.70984653063677,46.9834621647487,940.0,1994,11,0.0,0.0,0.0
640787,CH_SLF,Pusserein,9.70984653063677,46.9834621647487,940.0,1994,12,32.0,3.12903225806452,12.0
640788,CH_SLF,Pusserein,9.70984653063677,46.9834621647487,940.0,1995,1,249.0,57.9677419354839,101.0
640789,CH_SLF,Pusserein,9.70984653063677,46.9834621647487,940.0,1995,2,61.0,28.9642857142857,58.0
640790,CH_SLF,Pusserein,9.70984653063677,46.9834621647487,940.0,1995,3,165.0,14.258064516129,50.0
640791,CH_SLF,Pusserein,9.70984653063677,46.9834621647487,940.0,1995,4,28.0,3.43333333333333,42.0
640792,CH_SLF,Pusserein,9.70984653063677,46.9834621647487,940.0,1995,5,0.0,0.0,0.0
640793,CH_SLF,Pusserein,9.70984653063677,46.9834621647487,940.0,1995,6,,0.0,0.0
640794,CH_SLF,Pusserein,9.70984653063677,46.9834621647487,940.0,1995,7,,,
640795,CH_SLF,Pusserein,9.70984653063677,46.9834621647487,940.0,1995,8,,,
640796,CH_SLF,Pusserein,9.70984653063677,46.9834621647487,940.0,1995,9,,0.0,0.0
640797,CH_SLF,Pusserein,9.70984653063677,46.9834621647487,940.0,1995,10,0.0,0.0,0.0
640798,CH_SLF,Pusserein,9.70984653063677,46.9834621647487,940.0,1995,11,67.0,7.36666666666667,45.0
640799,CH_SLF,Pusserein,9.70984653063677,46.9834621647487,940.0,1995,12,33.0,3.25806451612903,15.0
640800,CH_SLF,Pusserein,9.70984653063677,46.9834621647487,940.0,1996,1,1.0,1.16129032258065,9.0
640801,CH_SLF,Pusserein,9.70984653063677,46.9834621647487,940.0,1996,2,69.0,13.4137931034483,30.0
640802,CH_SLF,Pusserein,9.70984653063677,46.9834621647487,940.0,1996,3,14.0,1.7741935483871,10.0
640803,CH_SLF,Pusserein,9.70984653063677,46.9834621647487,940.0,1996,4,6.0,0.2,3.0
640804,CH_SLF,Pusserein,9.70984653063677,46.9834621647487,940.0,1996,5,0.0,0.0,0.0
640805,CH_SLF,Pusserein,9.70984653063677,46.9834621647487,940.0,1996,6,,0.0,0.0
640806,CH_SLF,Pusserein,9.70984653063677,46.9834621647487,940.0,1996,7,,,
640807,CH_SLF,Pusserein,9.70984653063677,46.9834621647487,940.0,1996,8,,,
640808,CH_SLF,Pusserein,9.70984653063677,46.9834621647487,940.0,1996,9,,0.0,0.0
640809,CH_SLF,Pusserein,9.70984653063677,46.9834621647487,940.0,1996,10,0.0,0.0,0.0
640810,CH_SLF,Pusserein,9.70984653063677,46.9834621647487,940.0,1996,11,149.0,8.16666666666667,90.0
640811,CH_SLF,Pusserein,9.70984653063677,46.9834621647487,940.0,1996,12,35.0,24.4838709677419,96.0
640812,CH_SLF,Pusserein,9.70984653063677,46.9834621647487,940.0,1997,1,2.0,0.0645161290322581,2.0
640813,CH_SLF,Pusserein,9.70984653063677,46.9834621647487,940.0,1997,2,47.0,3.21428571428571,16.0
640814,CH_SLF,Pusserein,9.70984653063677,46.9834621647487,940.0,1997,3,70.0,3.87096774193548,39.0
640815,CH_SLF,Pusserein,9.70984653063677,46.9834621647487,940.0,1997,4,7.0,0.233333333333333,7.0
640816,CH_SLF,Pusserein,9.70984653063677,46.9834621647487,940.0,1997,5,0.0,0.0,0.0
640817,CH_SLF,Pusserein,9.70984653063677,46.9834621647487,940.0,1997,6,,0.0,0.0
640818,CH_SLF,Pusserein,9.70984653063677,46.9834621647487,940.0,1997,7,,,
640819,CH_SLF,Pusserein,9.70984653063677,46.9834621647487,940.0,1997,8,,,
640820,CH_SLF,Pusserein,9.70984653063677,46.9834621647487,940.0,1997,9,,0.0,0.0
640821,CH_SLF,Pusserein,9.70984653063677,46.9834621647487,940.0,1997,10,0.0,0.0,0.0
640822,CH_SLF,Pusserein,9.70984653063677,46.9834621647487,940.0,1997,11,3.0,0.1,3.0
640823,CH_SLF,Pusserein,9.70984653063677,46.9834621647487,940.0,1997,12,102.0,10.8387096774194,46.0
640824,CH_SLF,Pusserein,9.70984653063677,46.9834621647487,940.0,1998,1,50.0,7.03225806451613,30.0
640825,CH_SLF,Pusserein,9.70984653063677,46.9834621647487,940.0,1998,2,3.0,2.53571428571429,10.0
640826,CH_SLF,Pusserein,9.70984653063677,46.9834621647487,940.0,1998,3,90.0,4.64516129032258,30.0
640827,CH_SLF,Pusserein,9.70984653063677,46.9834621647487,940.0,1998,4,15.0,0.466666666666667,7.0
640828,CH_SLF,Pusserein,9.70984653063677,46.9834621647487,940.0,1998,5,0.0,0.0,0.0
640829,CH_SLF,Pusserein,9.70984653063677,46.9834621647487,940.0,1998,6,,0.0,0.0
640830,CH_SLF,Pusserein,9.70984653063677,46.9834621647487,940.0,1998,7,,,
640831,CH_SLF,Pusserein,9.70984653063677,46.9834621647487,940.0,1998,8,,,
640832,CH_SLF,Pusserein,9.70984653063677,46.9834621647487,940.0,1998,9,,0.0,0.0
640833,CH_SLF,Pusserein,9.70984653063677,46.9834621647487,940.0,1998,10,1.0,0.032258064516129,1.0
640834,CH_SLF,Pusserein,9.70984653063677,46.9834621647487,940.0,1998,11,56.0,8.36666666666667,25.0
640835,CH_SLF,Pusserein,9.70984653063677,46.9834621647487,940.0,1998,12,61.0,16.6129032258065,45.0
640836,CH_SLF,Pusserein,9.70984653063677,46.9834621647487,940.0,1999,1,125.0,11.7741935483871,87.0
640837,CH_SLF,Pusserein,9.70984653063677,46.9834621647487,940.0,1999,2,280.0,84.75,135.0
640838,CH_SLF,Pusserein,9.70984653063677,46.9834621647487,940.0,1999,3,61.0,44.8387096774194,82.0
640839,CH_SLF,Pusserein,9.70984653063677,46.9834621647487,940.0,1999,4,64.0,4.06666666666667,49.0
640840,CH_SLF,Pusserein,9.70984653063677,46.9834621647487,940.0,1999,5,0.0,0.0,0.0
640841,CH_SLF,Pusserein,9.70984653063677,46.9834621647487,940.0,1999,6,,0.0,0.0
640842,CH_SLF,Pusserein,9.70984653063677,46.9834621647487,940.0,1999,7,,,
640843,CH_SLF,Pusserein,9.70984653063677,46.9834621647487,940.0,1999,8,,,
640844,CH_SLF,Pusserein,9.70984653063677,46.9834621647487,940.0,1999,9,,0.0,0.0
640845,CH_SLF,Pusserein,9.70984653063677,46.9834621647487,940.0,1999,10,0.0,0.0,0.0
640846,CH_SLF,Pusserein,9.70984653063677,46.9834621647487,940.0,1999,11,138.0,18.9333333333333,59.0
640847,CH_SLF,Pusserein,9.70984653063677,46.9834621647487,940.0,1999,12,105.0,13.258064516129,52.0
640848,CH_SLF,Pusserein,9.70984653063677,46.9834621647487,940.0,2000,1,61.0,35.8709677419355,59.0
640849,CH_SLF,Pusserein,9.70984653063677,46.9834621647487,940.0,2000,2,105.0,24.448275862069,57.0
640850,CH_SLF,Pusserein,9.70984653063677,46.9834621647487,940.0,2000,3,74.0,8.25806451612903,36.0
640851,CH_SLF,Pusserein,9.70984653063677,46.9834621647487,940.0,2000,4,5.0,0.166666666666667,3.0
640852,CH_SLF,Pusserein,9.70984653063677,46.9834621647487,940.0,2000,5,0.0,0.0,0.0
640853,CH_SLF,Pusserein,9.70984653063677,46.9834621647487,940.0,2000,6,,0.0,0.0
640854,CH_SLF,Pusserein,9.70984653063677,46.9834621647487,940.0,2000,7,,,
640855,CH_SLF,Pusserein,9.70984653063677,46.9834621647487,940.0,2000,8,,,
640856,CH_SLF,Pusserein,9.70984653063677,46.9834621647487,940.0,2000,9,,0.0,0.0
640857,CH_SLF,Pusserein,9.70984653063677,46.9834621647487,940.0,2000,10,0.0,0.0,0.0
640858,CH_SLF,Pusserein,9.70984653063677,46.9834621647487,940.0,2000,11,42.0,4.26666666666667,31.0
640859,CH_SLF,Pusserein,9.70984653063677,46.9834621647487,940.0,2000,12,16.0,0.967741935483871,7.0
640860,CH_SLF,Pusserein,9.70984653063677,46.9834621647487,940.0,2001,1,48.0,9.41935483870968,37.0
640861,CH_SLF,Pusserein,9.70984653063677,46.9834621647487,940.0,2001,2,82.0,8.46428571428571,30.0
640862,CH_SLF,Pusserein,9.70984653063677,46.9834621647487,940.0,2001,3,12.0,2.74193548387097,18.0
640863,CH_SLF,Pusserein,9.70984653063677,46.9834621647487,940.0,2001,4,80.0,4.56666666666667,25.0
640864,CH_SLF,Pusserein,9.70984653063677,46.9834621647487,940.0,2001,5,0.0,0.0,0.0
640865,CH_SLF,Pusserein,9.70984653063677,46.9834621647487,940.0,2001,6,,0.0,0.0
640866,CH_SLF,Pusserein,9.70984653063677,46.9834621647487,940.0,2001,7,,,
640867,CH_SLF,Pusserein,9.70984653063677,46.9834621647487,940.0,2001,8,,,
640868,CH_SLF,Pusserein,9.70984653063677,46.9834621647487,940.0,2001,9,,0.0,0.0
640869,CH_SLF,Pusserein,9.70984653063677,46.9834621647487,940.0,2001,10,0.0,0.0,0.0
640870,CH_SLF,Pusserein,9.70984653063677,46.9834621647487,940.0,2001,11,68.0,4.26666666666667,22.0
640871,CH_SLF,Pusserein,9.70984653063677,46.9834621647487,940.0,2001,12,38.0,4.38709677419355,22.0
640872,CH_SLF,Pusserein,9.70984653063677,46.9834621647487,940.0,2002,1,0.0,6.41935483870968,10.0
640873,CH_SLF,Pusserein,9.70984653063677,46.9834621647487,940.0,2002,2,85.0,5.53571428571429,45.0
640874,CH_SLF,Pusserein,9.70984653063677,46.9834621647487,940.0,2002,3,26.0,1.25806451612903,15.0
640875,CH_SLF,Pusserein,9.70984653063677,46.9834621647487,940.0,2002,4,4.0,0.133333333333333,4.0
640876,CH_SLF,Pusserein,9.70984653063677,46.9834621647487,940.0,2002,5,0.0,0.0,0.0
640877,CH_SLF,Pusserein,9.70984653063677,46.9834621647487,940.0,2002,6,,0.0,0.0
640878,CH_SLF,Pusserein,9.70984653063677,46.9834621647487,940.0,2002,7,,,
640879,CH_SLF,Pusserein,9.70984653063677,46.9834621647487,940.0,2002,8,,,
640880,CH_SLF,Pusserein,9.70984653063677,46.9834621647487,940.0,2002,9,,0.366666666666667,11.0
640881,CH_SLF,Pusserein,9.70984653063677,46.9834621647487,940.0,2002,10,0.0,0.0,0.0
640882,CH_SLF,Pusserein,9.70984653063677,46.9834621647487,940.0,2002,11,14.0,0.466666666666667,14.0
640883,CH_SLF,Pusserein,9.70984653063677,46.9834621647487,940.0,2002,12,9.0,0.580645161290323,4.0
640884,CH_SLF,Pusserein,9.70984653063677,46.9834621647487,940.0,2003,1,91.0,10.3548387096774,50.0
640885,CH_SLF,Pusserein,9.70984653063677,46.9834621647487,940.0,2003,2,106.0,52.25,86.0
640886,CH_SLF,Pusserein,9.70984653063677,46.9834621647487,940.0,2003,3,0.0,4.64516129032258,25.0
640887,CH_SLF,Pusserein,9.70984653063677,46.9834621647487,940.0,2003,4,20.0,0.733333333333333,13.0
640888,CH_SLF,Pusserein,9.70984653063677,46.9834621647487,940.0,2003,5,,0.0,0.0
640889,CH_SLF,Pusserein,9.70984653063677,46.9834621647487,940.0,2003,6,,0.0,0.0
640890,CH_SLF,Pusserein,9.70984653063677,46.9834621647487,940.0,2003,7,,,
640891,CH_SLF,Pusserein,9.70984653063677,46.9834621647487,940.0,2003,8,,,
640892,CH_SLF,Pusserein,9.70984653063677,46.9834621647487,940.0,2003,9,,0.0,0.0
640893,CH_SLF,Pusserein,9.70984653063677,46.9834621647487,940.0,2003,10,27.0,1.32258064516129,15.0
640894,CH_SLF,Pusserein,9.70984653063677,46.9834621647487,940.0,2003,11,21.0,1.1,18.0
640895,CH_SLF,Pusserein,9.70984653063677,46.9834621647487,940.0,2003,12,77.0,8.19354838709677,35.0
640896,CH_SLF,Pusserein,9.70984653063677,46.9834621647487,940.0,2004,1,131.0,30.2258064516129,63.0
640897,CH_SLF,Pusserein,9.70984653063677,46.9834621647487,940.0,2004,2,76.0,37.8965517241379,62.0
640898,CH_SLF,Pusserein,9.70984653063677,46.9834621647487,940.0,2004,3,46.0,15.7741935483871,34.0
640899,CH_SLF,Pusserein,9.70984653063677,46.9834621647487,940.0,2004,4,8.0,0.266666666666667,5.0
640900,CH_SLF,Pusserein,9.70984653063677,46.9834621647487,940.0,2004,5,4.0,0.129032258064516,4.0
640901,CH_SLF,Pusserein,9.70984653063677,46.9834621647487,940.0,2004,6,,0.0,0.0
640902,CH_SLF,Pusserein,9.70984653063677,46.9834621647487,940.0,2004,7,,,
640903,CH_SLF,Pusserein,9.70984653063677,46.9834621647487,940.0,2004,8,,,
640904,CH_SLF,Pusserein,9.70984653063677,46.9834621647487,940.0,2004,9,,0.0,0.0
640905,CH_SLF,Pusserein,9.70984653063677,46.9834621647487,940.0,2004,10,3.0,0.0967741935483871,3.0
640906,CH_SLF,Pusserein,9.70984653063677,46.9834621647487,940.0,2004,11,37.0,1.83333333333333,18.0
640907,CH_SLF,Pusserein,9.70984653063677,46.9834621647487,940.0,2004,12,83.0,11.9354838709677,50.0
640908,CH_SLF,Pusserein,9.70984653063677,46.9834621647487,940.0,2005,1,65.0,23.0322580645161,49.0
640909,CH_SLF,Pusserein,9.70984653063677,46.9834621647487,940.0,2005,2,143.0,52.9642857142857,76.0
640910,CH_SLF,Pusserein,9.70984653063677,46.9834621647487,940.0,2005,3,30.0,24.1612903225806,60.0
640911,CH_SLF,Pusserein,9.70984653063677,46.9834621647487,940.0,2005,4,26.0,1.03333333333333,16.0
640912,CH_SLF,Pusserein,9.70984653063677,46.9834621647487,940.0,2005,5,0.0,0.0,0.0
640913,CH_SLF,Pusserein,9.70984653063677,46.9834621647487,940.0,2005,6,,0.0,0.0
640914,CH_SLF,Pusserein,9.70984653063677,46.9834621647487,940.0,2005,7,,,
640915,CH_SLF,Pusserein,9.70984653063677,46.9834621647487,940.0,2005,8,,,
640916,CH_SLF,Pusserein,9.70984653063677,46.9834621647487,940.0,2005,9,,0.0,0.0
640917,CH_SLF,Pusserein,9.70984653063677,46.9834621647487,940.0,2005,10,0.0,0.0,0.0
640918,CH_SLF,Pusserein,9.70984653063677,46.9834621647487,940.0,2005,11,23.0,1.83333333333333,16.0
640919,CH_SLF,Pusserein,9.70984653063677,46.9834621647487,940.0,2005,12,154.0,31.741935483871,76.0
640920,CH_SLF,Pusserein,9.70984653063677,46.9834621647487,940.0,2006,1,96.0,61.4516129032258,91.0
640921,CH_SLF,Pusserein,9.70984653063677,46.9834621647487,940.0,2006,2,53.0,58.7142857142857,76.0
640922,CH_SLF,Pusserein,9.70984653063677,46.9834621647487,940.0,2006,3,86.0,62.2903225806452,101.0
640923,CH_SLF,Pusserein,9.70984653063677,46.9834621647487,940.0,2006,4,46.0,2.8,25.0
640924,CH_SLF,Pusserein,9.70984653063677,46.9834621647487,940.0,2006,5,0.0,0.0,0.0
640925,CH_SLF,Pusserein,9.70984653063677,46.9834621647487,940.0,2006,6,,0.0,0.0
640926,CH_SLF,Pusserein,9.70984653063677,46.9834621647487,940.0,2006,7,,,
640927,CH_SLF,Pusserein,9.70984653063677,46.9834621647487,940.0,2006,8,,,
640928,CH_SLF,Pusserein,9.70984653063677,46.9834621647487,940.0,2006,9,,0.0,0.0
640929,CH_SLF,Pusserein,9.70984653063677,46.9834621647487,940.0,2006,10,0.0,0.0,0.0
640930,CH_SLF,Pusserein,9.70984653063677,46.9834621647487,940.0,2006,11,9.0,0.4,6.0
640931,CH_SLF,Pusserein,9.70984653063677,46.9834621647487,940.0,2006,12,22.0,1.90322580645161,20.0
640932,CH_SLF,Pusserein,9.70984653063677,46.9834621647487,940.0,2007,1,69.0,6.0,37.0
640933,CH_SLF,Pusserein,9.70984653063677,46.9834621647487,940.0,2007,2,17.0,1.25,5.0
640934,CH_SLF,Pusserein,9.70984653063677,46.9834621647487,940.0,2007,3,43.0,3.06451612903226,18.0
640935,CH_SLF,Pusserein,9.70984653063677,46.9834621647487,940.0,2007,4,0.0,0.0,0.0
640936,CH_SLF,Pusserein,9.70984653063677,46.9834621647487,940.0,2007,5,0.0,0.0,0.0
640937,CH_SLF,Pusserein,9.70984653063677,46.9834621647487,940.0,2007,6,,0.0,0.0
640938,CH_SLF,Pusserein,9.70984653063677,46.9834621647487,940.0,2007,7,,,
640939,CH_SLF,Pusserein,9.70984653063677,46.9834621647487,940.0,2007,8,,,
640940,CH_SLF,Pusserein,9.70984653063677,46.9834621647487,940.0,2007,9,,0.0,0.0
640941,CH_SLF,Pusserein,9.70984653063677,46.9834621647487,940.0,2007,10,3.0,0.0967741935483871,3.0
640942,CH_SLF,Pusserein,9.70984653063677,46.9834621647487,940.0,2007,11,98.0,16.5,55.0
640943,CH_SLF,Pusserein,9.70984653063677,46.9834621647487,940.0,2007,12,84.0,16.0322580645161,44.0
640944,CH_SLF,Pusserein,9.70984653063677,46.9834621647487,940.0,2008,1,24.0,11.9032258064516,25.0
640945,CH_SLF,Pusserein,9.70984653063677,46.9834621647487,940.0,2008,2,18.0,2.62068965517241,11.0
640946,CH_SLF,Pusserein,9.70984653063677,46.9834621647487,940.0,2008,3,103.0,7.2258064516129,48.0
640947,CH_SLF,Pusserein,9.70984653063677,46.9834621647487,940.0,2008,4,51.0,2.53333333333333,25.0
640948,CH_SLF,Pusserein,9.70984653063677,46.9834621647487,940.0,2008,5,0.0,0.0,0.0
640949,CH_SLF,Pusserein,9.70984653063677,46.9834621647487,940.0,2008,6,,0.0,0.0
640950,CH_SLF,Pusserein,9.70984653063677,46.9834621647487,940.0,2008,7,,,
640951,CH_SLF,Pusserein,9.70984653063677,46.9834621647487,940.0,2008,8,,,
640952,CH_SLF,Pusserein,9.70984653063677,46.9834621647487,940.0,2008,9,,0.0,0.0
640953,CH_SLF,Pusserein,9.70984653063677,46.9834621647487,940.0,2008,10,10.0,0.451612903225806,7.0
640954,CH_SLF,Pusserein,9.70984653063677,46.9834621647487,940.0,2008,11,65.0,9.63333333333333,47.0
640955,CH_SLF,Pusserein,9.70984653063677,46.9834621647487,940.0,2008,12,97.0,34.9354838709677,50.0
640956,CH_SLF,Pusserein,9.70984653063677,46.9834621647487,940.0,2009,1,62.0,43.8387096774194,69.0
640957,CH_SLF,Pusserein,9.70984653063677,46.9834621647487,940.0,2009,2,219.0,68.75,124.0
640958,CH_SLF,Pusserein,9.70984653063677,46.9834621647487,940.0,2009,3,146.0,63.9032258064516,88.0
640959,CH_SLF,Pusserein,9.70984653063677,46.9834621647487,940.0,2009,4,0.0,3.8,39.0
640960,CH_SLF,Pusserein,9.70984653063677,46.9834621647487,940.0,2009,5,0.0,0.0,0.0
640961,CH_SLF,Pusserein,9.70984653063677,46.9834621647487,940.0,2009,6,,0.0,0.0
640962,CH_SLF,Pusserein,9.70984653063677,46.9834621647487,940.0,2009,7,,,
640963,CH_SLF,Pusserein,9.70984653063677,46.9834621647487,940.0,2009,8,,,
640964,CH_SLF,Pusserein,9.70984653063677,46.9834621647487,940.0,2009,9,,0.0,0.0
640965,CH_SLF,Pusserein,9.70984653063677,46.9834621647487,940.0,2009,10,15.0,0.838709677419355,13.0
640966,CH_SLF,Pusserein,9.70984653063677,46.9834621647487,940.0,2009,11,2.0,0.0666666666666667,2.0
640967,CH_SLF,Pusserein,9.70984653063677,46.9834621647487,940.0,2009,12,103.0,18.0322580645161,33.0
640968,CH_SLF,Pusserein,9.70984653063677,46.9834621647487,940.0,2010,1,61.0,7.03225806451613,32.0
640969,CH_SLF,Pusserein,9.70984653063677,46.9834621647487,940.0,2010,2,55.0,24.0357142857143,41.0
640970,CH_SLF,Pusserein,9.70984653063677,46.9834621647487,940.0,2010,3,47.0,3.25806451612903,16.0
640971,CH_SLF,Pusserein,9.70984653063677,46.9834621647487,940.0,2010,4,9.0,0.3,7.0
640972,CH_SLF,Pusserein,9.70984653063677,46.9834621647487,940.0,2010,5,4.0,0.129032258064516,4.0
640973,CH_SLF,Pusserein,9.70984653063677,46.9834621647487,940.0,2010,6,,0.0,0.0
640974,CH_SLF,Pusserein,9.70984653063677,46.9834621647487,940.0,2010,7,,,
640975,CH_SLF,Pusserein,9.70984653063677,46.9834621647487,940.0,2010,8,,,
640976,CH_SLF,Pusserein,9.70984653063677,46.9834621647487,940.0,2010,9,,0.0,0.0
640977,CH_SLF,Pusserein,9.70984653063677,46.9834621647487,940.0,2010,10,3.0,0.161290322580645,3.0
640978,CH_SLF,Pusserein,9.70984653063677,46.9834621647487,940.0,2010,11,51.0,4.46666666666667,16.0
640979,CH_SLF,Pusserein,9.70984653063677,46.9834621647487,940.0,2010,12,89.0,17.6774193548387,39.0
640980,CH_SLF,Pusserein,9.70984653063677,46.9834621647487,940.0,2011,1,18.0,5.90322580645161,17.0
640981,CH_SLF,Pusserein,9.70984653063677,46.9834621647487,940.0,2011,2,27.0,1.78571428571429,10.0
640982,CH_SLF,Pusserein,9.70984653063677,46.9834621647487,940.0,2011,3,0.0,0.0,0.0
640983,CH_SLF,Pusserein,9.70984653063677,46.9834621647487,940.0,2011,4,0.0,0.0,0.0
640984,CH_SLF,Pusserein,9.70984653063677,46.9834621647487,940.0,2011,5,0.0,0.0,0.0
640985,CH_SLF,Pusserein,9.70984653063677,46.9834621647487,940.0,2011,6,,0.0,0.0
640986,CH_SLF,Pusserein,9.70984653063677,46.9834621647487,940.0,2011,7,,,
640987,CH_SLF,Pusserein,9.70984653063677,46.9834621647487,940.0,2011,8,,,
640988,CH_SLF,Pusserein,9.70984653063677,46.9834621647487,940.0,2011,9,,0.0333333333333333,1.0
640989,CH_SLF,Pusserein,9.70984653063677,46.9834621647487,940.0,2011,10,8.0,0.258064516129032,8.0
640990,CH_SLF,Pusserein,9.70984653063677,46.9834621647487,940.0,2011,11,0.0,0.0,0.0
640991,CH_SLF,Pusserein,9.70984653063677,46.9834621647487,940.0,2011,12,280.0,36.4516129032258,100.0
640992,CH_SLF,Pusserein,9.70984653063677,46.9834621647487,940.0,2012,1,190.0,99.4838709677419,124.0
640993,CH_SLF,Pusserein,9.70984653063677,46.9834621647487,940.0,2012,2,78.0,111.103448275862,142.0
640994,CH_SLF,Pusserein,9.70984653063677,46.9834621647487,940.0,2012,3,10.0,50.0,92.0
640995,CH_SLF,Pusserein,9.70984653063677,46.9834621647487,940.0,2012,4,7.0,0.233333333333333,4.0
640996,CH_SLF,Pusserein,9.70984653063677,46.9834621647487,940.0,2012,5,9.0,0.290322580645161,8.0
640997,CH_SLF,Pusserein,9.70984653063677,46.9834621647487,940.0,2012,6,,0.0,0.0
640998,CH_SLF,Pusserein,9.70984653063677,46.9834621647487,940.0,2012,7,,,
640999,CH_SLF,Pusserein,9.70984653063677,46.9834621647487,940.0,2012,8,,,
641000,CH_SLF,Pusserein,9.70984653063677,46.9834621647487,940.0,2012,9,,0.0,0.0
641001,CH_SLF,Pusserein,9.70984653063677,46.9834621647487,940.0,2012,10,21.0,0.903225806451613,17.0
641002,CH_SLF,Pusserein,9.70984653063677,46.9834621647487,940.0,2012,11,11.0,0.633333333333333,11.0
641003,CH_SLF,Pusserein,9.70984653063677,46.9834621647487,940.0,2012,12,170.0,35.0967741935484,70.0
641004,CH_SLF,Pusserein,9.70984653063677,46.9834621647487,940.0,2013,1,67.0,38.3870967741936,54.0
641005,CH_SLF,Pusserein,9.70984653063677,46.9834621647487,940.0,2013,2,136.0,60.75,80.0
641006,CH_SLF,Pusserein,9.70984653063677,46.9834621647487,940.0,2013,3,36.0,21.6774193548387,54.0
641007,CH_SLF,Pusserein,9.70984653063677,46.9834621647487,940.0,2013,4,19.0,0.633333333333333,19.0
641008,CH_SLF,Pusserein,9.70984653063677,46.9834621647487,940.0,2013,5,0.0,0.0,0.0
641009,CH_SLF,Pusserein,9.70984653063677,46.9834621647487,940.0,2013,6,,0.0,0.0
641010,CH_SLF,Pusserein,9.70984653063677,46.9834621647487,940.0,2013,7,,,
641011,CH_SLF,Pusserein,9.70984653063677,46.9834621647487,940.0,2013,8,,,
641012,CH_SLF,Pusserein,9.70984653063677,46.9834621647487,940.0,2013,9,,0.0,0.0
641013,CH_SLF,Pusserein,9.70984653063677,46.9834621647487,940.0,2013,10,24.0,0.903225806451613,24.0
641014,CH_SLF,Pusserein,9.70984653063677,46.9834621647487,940.0,2013,11,36.0,1.5,15.0
641015,CH_SLF,Pusserein,9.70984653063677,46.9834621647487,940.0,2013,12,18.0,1.0,10.0
641016,CH_SLF,Pusserein,9.70984653063677,46.9834621647487,940.0,2014,1,67.0,7.12903225806452,34.0
641017,CH_SLF,Pusserein,9.70984653063677,46.9834621647487,940.0,2014,2,42.0,6.10714285714286,18.0
641018,CH_SLF,Pusserein,9.70984653063677,46.9834621647487,940.0,2014,3,45.0,2.58064516129032,33.0
641019,CH_SLF,Pusserein,9.70984653063677,46.9834621647487,940.0,2014,4,5.0,0.166666666666667,5.0
641020,CH_SLF,Pusserein,9.70984653063677,46.9834621647487,940.0,2014,5,0.0,0.0,0.0
641021,CH_SLF,Pusserein,9.70984653063677,46.9834621647487,940.0,2014,6,,0.0,0.0
641022,CH_SLF,Pusserein,9.70984653063677,46.9834621647487,940.0,2014,7,,,
641023,CH_SLF,Pusserein,9.70984653063677,46.9834621647487,940.0,2014,8,,,
641024,CH_SLF,Pusserein,9.70984653063677,46.9834621647487,940.0,2014,9,,0.0,0.0
641025,CH_SLF,Pusserein,9.70984653063677,46.9834621647487,940.0,2014,10,14.0,0.806451612903226,14.0
641026,CH_SLF,Pusserein,9.70984653063677,46.9834621647487,940.0,2014,11,25.0,1.5,25.0
641027,CH_SLF,Pusserein,9.70984653063677,46.9834621647487,940.0,2014,12,60.0,3.03225806451613,34.0
641028,CH_SLF,Pusserein,9.70984653063677,46.9834621647487,940.0,2015,1,82.0,12.0322580645161,40.0
641029,CH_SLF,Pusserein,9.70984653063677,46.9834621647487,940.0,2015,2,61.0,25.0,47.0
641030,CH_SLF,Pusserein,9.70984653063677,46.9834621647487,940.0,2015,3,12.0,3.70967741935484,20.0
641031,CH_SLF,Pusserein,9.70984653063677,46.9834621647487,940.0,2015,4,28.0,1.06666666666667,23.0
641032,CH_SLF,Pusserein,9.70984653063677,46.9834621647487,940.0,2015,5,0.0,0.0,0.0
641033,CH_SLF,Pusserein,9.70984653063677,46.9834621647487,940.0,2015,6,,0.0,0.0
641034,CH_SLF,Pusserein,9.70984653063677,46.9834621647487,940.0,2015,7,,,
641035,CH_SLF,Pusserein,9.70984653063677,46.9834621647487,940.0,2015,8,,,
641036,CH_SLF,Pusserein,9.70984653063677,46.9834621647487,940.0,2015,9,,0.0,0.0
641037,CH_SLF,Pusserein,9.70984653063677,46.9834621647487,940.0,2015,10,0.0,0.0,0.0
641038,CH_SLF,Pusserein,9.70984653063677,46.9834621647487,940.0,2015,11,15.0,0.933333333333333,7.0
641039,CH_SLF,Pusserein,9.70984653063677,46.9834621647487,940.0,2015,12,0.0,0.0,0.0
641040,CH_SLF,Pusserein,9.70984653063677,46.9834621647487,940.0,2016,1,112.0,17.258064516129,47.0
641041,CH_SLF,Pusserein,9.70984653063677,46.9834621647487,940.0,2016,2,68.0,10.8275862068966,33.0
641042,CH_SLF,Pusserein,9.70984653063677,46.9834621647487,940.0,2016,3,56.0,4.93548387096774,32.0
641043,CH_SLF,Pusserein,9.70984653063677,46.9834621647487,940.0,2016,4,27.0,0.9,12.0
641044,CH_SLF,Pusserein,9.70984653063677,46.9834621647487,940.0,2016,5,0.0,0.0,0.0
641045,CH_SLF,Pusserein,9.70984653063677,46.9834621647487,940.0,2016,6,,0.0,0.0
641046,CH_SLF,Pusserein,9.70984653063677,46.9834621647487,940.0,2016,7,,,
641047,CH_SLF,Pusserein,9.70984653063677,46.9834621647487,940.0,2016,8,,,
641048,CH_SLF,Pusserein,9.70984653063677,46.9834621647487,940.0,2016,9,,0.0,0.0
641049,CH_SLF,Pusserein,9.70984653063677,46.9834621647487,940.0,2016,10,0.0,0.0,0.0
641050,CH_SLF,Pusserein,9.70984653063677,46.9834621647487,940.0,2016,11,30.0,2.06666666666667,12.0
641051,CH_SLF,Pusserein,9.70984653063677,46.9834621647487,940.0,2016,12,7.0,0.32258064516129,7.0
641052,CH_SLF,Pusserein,9.70984653063677,46.9834621647487,940.0,2017,1,119.0,32.2903225806452,60.0
641053,CH_SLF,Pusserein,9.70984653063677,46.9834621647487,940.0,2017,2,19.0,11.6428571428571,26.0
641054,CH_SLF,Pusserein,9.70984653063677,46.9834621647487,940.0,2017,3,34.0,1.29032258064516,11.0
641055,CH_SLF,Pusserein,9.70984653063677,46.9834621647487,940.0,2017,4,46.0,1.9,17.0
641056,CH_SLF,Pusserein,9.70984653063677,46.9834621647487,940.0,2017,5,0.0,0.0,0.0
641057,CH_SLF,Pusserein,9.70984653063677,46.9834621647487,940.0,2017,6,,0.0,0.0
641058,CH_SLF,Pusserein,9.70984653063677,46.9834621647487,940.0,2017,7,,,
641059,CH_SLF,Pusserein,9.70984653063677,46.9834621647487,940.0,2017,8,,,
641060,CH_SLF,Pusserein,9.70984653063677,46.9834621647487,940.0,2017,9,,0.0,0.0
641061,CH_SLF,Pusserein,9.70984653063677,46.9834621647487,940.0,2017,10,0.0,0.0,0.0
641062,CH_SLF,Pusserein,9.70984653063677,46.9834621647487,940.0,2017,11,49.0,2.86666666666667,15.0
641063,CH_SLF,Pusserein,9.70984653063677,46.9834621647487,940.0,2017,12,165.0,30.7096774193548,59.0
641064,CH_SLF,Pusserein,9.70984653063677,46.9834621647487,940.0,2018,1,187.0,64.1612903225806,140.0
641065,CH_SLF,Pusserein,9.70984653063677,46.9834621647487,940.0,2018,2,34.0,68.1071428571429,78.0
641066,CH_SLF,Pusserein,9.70984653063677,46.9834621647487,940.0,2018,3,46.0,37.8387096774194,69.0
641067,CH_SLF,Pusserein,9.70984653063677,46.9834621647487,940.0,2018,4,1.0,0.0333333333333333,1.0
641068,CH_SLF,Pusserein,9.70984653063677,46.9834621647487,940.0,2018,5,0.0,0.0,0.0
641069,CH_SLF,Pusserein,9.70984653063677,46.9834621647487,940.0,2018,6,,0.0,0.0
641070,CH_SLF,Pusserein,9.70984653063677,46.9834621647487,940.0,2018,7,,,
641071,CH_SLF,Pusserein,9.70984653063677,46.9834621647487,940.0,2018,8,,,
641072,CH_SLF,Pusserein,9.70984653063677,46.9834621647487,940.0,2018,9,,0.0,0.0
641073,CH_SLF,Pusserein,9.70984653063677,46.9834621647487,940.0,2018,10,24.0,1.25806451612903,24.0
641074,CH_SLF,Pusserein,9.70984653063677,46.9834621647487,940.0,2018,11,7.0,0.3,5.0
641075,CH_SLF,Pusserein,9.70984653063677,46.9834621647487,940.0,2018,12,48.0,8.29032258064516,35.0
641076,CH_SLF,Pusserein,9.70984653063677,46.9834621647487,940.0,2019,1,287.0,70.2258064516129,121.0
641077,CH_SLF,Pusserein,9.70984653063677,46.9834621647487,940.0,2019,2,50.0,65.8571428571429,90.0
641078,CH_SLF,Pusserein,9.70984653063677,46.9834621647487,940.0,2019,3,40.0,9.51612903225806,38.0
641079,CH_SLF,Pusserein,9.70984653063677,46.9834621647487,940.0,2019,4,20.0,0.833333333333333,20.0
641080,CH_SLF,Pusserein,9.70984653063677,46.9834621647487,940.0,2019,5,8.0,0.258064516129032,6.0
641081,CH_SLF,Pusserein,9.70984653063677,46.9834621647487,940.0,2019,6,,0.0,0.0
641082,CH_SLF,Pusserein,9.70984653063677,46.9834621647487,940.0,2019,7,,,
641083,CH_SLF,Pusserein,9.70984653063677,46.9834621647487,940.0,2019,8,,,
641084,CH_SLF,Pusserein,9.70984653063677,46.9834621647487,940.0,2019,9,,0.0,0.0
641085,CH_SLF,Pusserein,9.70984653063677,46.9834621647487,940.0,2019,10,,,
641086,CH_SLF,Pusserein,9.70984653063677,46.9834621647487,940.0,2019,11,,,
641087,CH_SLF,Pusserein,9.70984653063677,46.9834621647487,940.0,2019,12,,,
