,Provider,Name,Longitude,Latitude,Elevation,year,month,HNsum,HSmean_gapfill,HSmax_gapfill
1034556,DE_DWD,Reichenhall_Bad,12.874,47.7238,470.0,1964,1,21.0,13.4516129032258,28.0
1034557,DE_DWD,Reichenhall_Bad,12.874,47.7238,470.0,1964,2,32.0,12.0,25.0
1034558,DE_DWD,Reichenhall_Bad,12.874,47.7238,470.0,1964,3,30.0,2.90322580645161,14.0
1034559,DE_DWD,Reichenhall_Bad,12.874,47.7238,470.0,1964,4,6.0,0.2,6.0
1034560,DE_DWD,Reichenhall_Bad,12.874,47.7238,470.0,1964,5,0.0,0.0,0.0
1034561,DE_DWD,Reichenhall_Bad,12.874,47.7238,470.0,1964,6,0.0,0.0,0.0
1034562,DE_DWD,Reichenhall_Bad,12.874,47.7238,470.0,1964,7,0.0,0.0,0.0
1034563,DE_DWD,Reichenhall_Bad,12.874,47.7238,470.0,1964,8,0.0,0.0,0.0
1034564,DE_DWD,Reichenhall_Bad,12.874,47.7238,470.0,1964,9,0.0,0.0,0.0
1034565,DE_DWD,Reichenhall_Bad,12.874,47.7238,470.0,1964,10,1.0,0.032258064516129,1.0
1034566,DE_DWD,Reichenhall_Bad,12.874,47.7238,470.0,1964,11,0.0,0.0,0.0
1034567,DE_DWD,Reichenhall_Bad,12.874,47.7238,470.0,1964,12,70.0,9.35483870967742,30.0
1034568,DE_DWD,Reichenhall_Bad,12.874,47.7238,470.0,1965,1,65.0,22.6129032258065,40.0
1034569,DE_DWD,Reichenhall_Bad,12.874,47.7238,470.0,1965,2,154.0,52.0357142857143,70.0
1034570,DE_DWD,Reichenhall_Bad,12.874,47.7238,470.0,1965,3,12.0,23.3225806451613,54.0
1034571,DE_DWD,Reichenhall_Bad,12.874,47.7238,470.0,1965,4,0.0,0.0,0.0
1034572,DE_DWD,Reichenhall_Bad,12.874,47.7238,470.0,1965,5,0.0,0.0,0.0
1034573,DE_DWD,Reichenhall_Bad,12.874,47.7238,470.0,1965,6,0.0,0.0,0.0
1034574,DE_DWD,Reichenhall_Bad,12.874,47.7238,470.0,1965,7,0.0,0.0,0.0
1034575,DE_DWD,Reichenhall_Bad,12.874,47.7238,470.0,1965,8,0.0,0.0,0.0
1034576,DE_DWD,Reichenhall_Bad,12.874,47.7238,470.0,1965,9,0.0,0.0,0.0
1034577,DE_DWD,Reichenhall_Bad,12.874,47.7238,470.0,1965,10,0.0,0.0,0.0
1034578,DE_DWD,Reichenhall_Bad,12.874,47.7238,470.0,1965,11,43.0,3.93333333333333,20.0
1034579,DE_DWD,Reichenhall_Bad,12.874,47.7238,470.0,1965,12,44.0,4.12903225806452,13.0
1034580,DE_DWD,Reichenhall_Bad,12.874,47.7238,470.0,1966,1,48.0,11.2258064516129,24.0
1034581,DE_DWD,Reichenhall_Bad,12.874,47.7238,470.0,1966,2,0.0,0.0,0.0
1034582,DE_DWD,Reichenhall_Bad,12.874,47.7238,470.0,1966,3,75.0,6.32258064516129,31.0
1034583,DE_DWD,Reichenhall_Bad,12.874,47.7238,470.0,1966,4,0.0,0.0,0.0
1034584,DE_DWD,Reichenhall_Bad,12.874,47.7238,470.0,1966,5,0.0,0.0,0.0
1034585,DE_DWD,Reichenhall_Bad,12.874,47.7238,470.0,1966,6,0.0,0.0,0.0
1034586,DE_DWD,Reichenhall_Bad,12.874,47.7238,470.0,1966,7,0.0,0.0,0.0
1034587,DE_DWD,Reichenhall_Bad,12.874,47.7238,470.0,1966,8,0.0,0.0,0.0
1034588,DE_DWD,Reichenhall_Bad,12.874,47.7238,470.0,1966,9,0.0,0.0,0.0
1034589,DE_DWD,Reichenhall_Bad,12.874,47.7238,470.0,1966,10,0.0,0.0,0.0
1034590,DE_DWD,Reichenhall_Bad,12.874,47.7238,470.0,1966,11,44.0,3.4,20.0
1034591,DE_DWD,Reichenhall_Bad,12.874,47.7238,470.0,1966,12,65.0,11.1290322580645,28.0
1034592,DE_DWD,Reichenhall_Bad,12.874,47.7238,470.0,1967,1,72.0,19.4516129032258,50.0
1034593,DE_DWD,Reichenhall_Bad,12.874,47.7238,470.0,1967,2,12.0,1.46428571428571,12.0
1034594,DE_DWD,Reichenhall_Bad,12.874,47.7238,470.0,1967,3,21.0,1.48387096774194,11.0
1034595,DE_DWD,Reichenhall_Bad,12.874,47.7238,470.0,1967,4,20.0,0.9,17.0
1034596,DE_DWD,Reichenhall_Bad,12.874,47.7238,470.0,1967,5,0.0,0.0,0.0
1034597,DE_DWD,Reichenhall_Bad,12.874,47.7238,470.0,1967,6,0.0,0.0,0.0
1034598,DE_DWD,Reichenhall_Bad,12.874,47.7238,470.0,1967,7,0.0,0.0,0.0
1034599,DE_DWD,Reichenhall_Bad,12.874,47.7238,470.0,1967,8,0.0,0.0,0.0
1034600,DE_DWD,Reichenhall_Bad,12.874,47.7238,470.0,1967,9,0.0,0.0,0.0
1034601,DE_DWD,Reichenhall_Bad,12.874,47.7238,470.0,1967,10,0.0,0.0,0.0
1034602,DE_DWD,Reichenhall_Bad,12.874,47.7238,470.0,1967,11,8.0,0.433333333333333,8.0
1034603,DE_DWD,Reichenhall_Bad,12.874,47.7238,470.0,1967,12,67.0,8.12903225806452,30.0
1034604,DE_DWD,Reichenhall_Bad,12.874,47.7238,470.0,1968,1,149.0,32.741935483871,65.0
1034605,DE_DWD,Reichenhall_Bad,12.874,47.7238,470.0,1968,2,4.0,15.1379310344828,34.0
1034606,DE_DWD,Reichenhall_Bad,12.874,47.7238,470.0,1968,3,46.0,5.96774193548387,40.0
1034607,DE_DWD,Reichenhall_Bad,12.874,47.7238,470.0,1968,4,4.0,0.133333333333333,4.0
1034608,DE_DWD,Reichenhall_Bad,12.874,47.7238,470.0,1968,5,0.0,0.0,0.0
1034609,DE_DWD,Reichenhall_Bad,12.874,47.7238,470.0,1968,6,0.0,0.0,0.0
1034610,DE_DWD,Reichenhall_Bad,12.874,47.7238,470.0,1968,7,0.0,0.0,0.0
1034611,DE_DWD,Reichenhall_Bad,12.874,47.7238,470.0,1968,8,0.0,0.0,0.0
1034612,DE_DWD,Reichenhall_Bad,12.874,47.7238,470.0,1968,9,0.0,0.0,0.0
1034613,DE_DWD,Reichenhall_Bad,12.874,47.7238,470.0,1968,10,0.0,0.0,0.0
1034614,DE_DWD,Reichenhall_Bad,12.874,47.7238,470.0,1968,11,6.0,0.2,3.0
1034615,DE_DWD,Reichenhall_Bad,12.874,47.7238,470.0,1968,12,44.0,5.0,34.0
1034616,DE_DWD,Reichenhall_Bad,12.874,47.7238,470.0,1969,1,28.0,21.5806451612903,32.0
1034617,DE_DWD,Reichenhall_Bad,12.874,47.7238,470.0,1969,2,48.0,15.4285714285714,42.0
1034618,DE_DWD,Reichenhall_Bad,12.874,47.7238,470.0,1969,3,21.0,0.67741935483871,7.0
1034619,DE_DWD,Reichenhall_Bad,12.874,47.7238,470.0,1969,4,15.0,0.533333333333333,9.0
1034620,DE_DWD,Reichenhall_Bad,12.874,47.7238,470.0,1969,5,0.0,0.0,0.0
1034621,DE_DWD,Reichenhall_Bad,12.874,47.7238,470.0,1969,6,0.0,0.0,0.0
1034622,DE_DWD,Reichenhall_Bad,12.874,47.7238,470.0,1969,7,0.0,0.0,0.0
1034623,DE_DWD,Reichenhall_Bad,12.874,47.7238,470.0,1969,8,0.0,0.0,0.0
1034624,DE_DWD,Reichenhall_Bad,12.874,47.7238,470.0,1969,9,0.0,0.0,0.0
1034625,DE_DWD,Reichenhall_Bad,12.874,47.7238,470.0,1969,10,0.0,0.0,0.0
1034626,DE_DWD,Reichenhall_Bad,12.874,47.7238,470.0,1969,11,55.0,4.93333333333333,40.0
1034627,DE_DWD,Reichenhall_Bad,12.874,47.7238,470.0,1969,12,69.0,36.3548387096774,50.0
1034628,DE_DWD,Reichenhall_Bad,12.874,47.7238,470.0,1970,1,19.0,30.8709677419355,45.0
1034629,DE_DWD,Reichenhall_Bad,12.874,47.7238,470.0,1970,2,96.0,28.6785714285714,47.0
1034630,DE_DWD,Reichenhall_Bad,12.874,47.7238,470.0,1970,3,61.0,26.4516129032258,48.0
1034631,DE_DWD,Reichenhall_Bad,12.874,47.7238,470.0,1970,4,43.0,2.13333333333333,26.0
1034632,DE_DWD,Reichenhall_Bad,12.874,47.7238,470.0,1970,5,9.0,0.387096774193548,7.0
1034633,DE_DWD,Reichenhall_Bad,12.874,47.7238,470.0,1970,6,0.0,0.0,0.0
1034634,DE_DWD,Reichenhall_Bad,12.874,47.7238,470.0,1970,7,0.0,0.0,0.0
1034635,DE_DWD,Reichenhall_Bad,12.874,47.7238,470.0,1970,8,0.0,0.0,0.0
1034636,DE_DWD,Reichenhall_Bad,12.874,47.7238,470.0,1970,9,0.0,0.0,0.0
1034637,DE_DWD,Reichenhall_Bad,12.874,47.7238,470.0,1970,10,0.0,0.0,0.0
1034638,DE_DWD,Reichenhall_Bad,12.874,47.7238,470.0,1970,11,0.0,0.0,0.0
1034639,DE_DWD,Reichenhall_Bad,12.874,47.7238,470.0,1970,12,31.0,5.87096774193548,21.0
1034640,DE_DWD,Reichenhall_Bad,12.874,47.7238,470.0,1971,1,10.0,16.0,23.0
1034641,DE_DWD,Reichenhall_Bad,12.874,47.7238,470.0,1971,2,107.0,11.25,62.0
1034642,DE_DWD,Reichenhall_Bad,12.874,47.7238,470.0,1971,3,57.0,22.6451612903226,62.0
1034643,DE_DWD,Reichenhall_Bad,12.874,47.7238,470.0,1971,4,0.0,0.0,0.0
1034644,DE_DWD,Reichenhall_Bad,12.874,47.7238,470.0,1971,5,0.0,0.0,0.0
1034645,DE_DWD,Reichenhall_Bad,12.874,47.7238,470.0,1971,6,0.0,0.0,0.0
1034646,DE_DWD,Reichenhall_Bad,12.874,47.7238,470.0,1971,7,0.0,0.0,0.0
1034647,DE_DWD,Reichenhall_Bad,12.874,47.7238,470.0,1971,8,0.0,0.0,0.0
1034648,DE_DWD,Reichenhall_Bad,12.874,47.7238,470.0,1971,9,0.0,0.0,0.0
1034649,DE_DWD,Reichenhall_Bad,12.874,47.7238,470.0,1971,10,0.0,0.0,0.0
1034650,DE_DWD,Reichenhall_Bad,12.874,47.7238,470.0,1971,11,25.0,3.7,19.0
1034651,DE_DWD,Reichenhall_Bad,12.874,47.7238,470.0,1971,12,10.0,1.29032258064516,14.0
1034652,DE_DWD,Reichenhall_Bad,12.874,47.7238,470.0,1972,1,8.0,1.25806451612903,5.0
1034653,DE_DWD,Reichenhall_Bad,12.874,47.7238,470.0,1972,2,3.0,0.586206896551724,3.0
1034654,DE_DWD,Reichenhall_Bad,12.874,47.7238,470.0,1972,3,0.0,0.0,0.0
1034655,DE_DWD,Reichenhall_Bad,12.874,47.7238,470.0,1972,4,18.0,0.733333333333333,18.0
1034656,DE_DWD,Reichenhall_Bad,12.874,47.7238,470.0,1972,5,0.0,0.0,0.0
1034657,DE_DWD,Reichenhall_Bad,12.874,47.7238,470.0,1972,6,0.0,0.0,0.0
1034658,DE_DWD,Reichenhall_Bad,12.874,47.7238,470.0,1972,7,0.0,0.0,0.0
1034659,DE_DWD,Reichenhall_Bad,12.874,47.7238,470.0,1972,8,0.0,0.0,0.0
1034660,DE_DWD,Reichenhall_Bad,12.874,47.7238,470.0,1972,9,0.0,0.0,0.0
1034661,DE_DWD,Reichenhall_Bad,12.874,47.7238,470.0,1972,10,11.0,0.580645161290323,12.0
1034662,DE_DWD,Reichenhall_Bad,12.874,47.7238,470.0,1972,11,44.0,3.66666666666667,26.0
1034663,DE_DWD,Reichenhall_Bad,12.874,47.7238,470.0,1972,12,2.0,1.7741935483871,7.0
1034664,DE_DWD,Reichenhall_Bad,12.874,47.7238,470.0,1973,1,32.0,4.54838709677419,28.0
1034665,DE_DWD,Reichenhall_Bad,12.874,47.7238,470.0,1973,2,105.0,17.75,48.0
1034666,DE_DWD,Reichenhall_Bad,12.874,47.7238,470.0,1973,3,22.0,15.7096774193548,34.0
1034667,DE_DWD,Reichenhall_Bad,12.874,47.7238,470.0,1973,4,52.0,1.86666666666667,19.0
1034668,DE_DWD,Reichenhall_Bad,12.874,47.7238,470.0,1973,5,0.0,0.0,0.0
1034669,DE_DWD,Reichenhall_Bad,12.874,47.7238,470.0,1973,6,0.0,0.0,0.0
1034670,DE_DWD,Reichenhall_Bad,12.874,47.7238,470.0,1973,7,0.0,0.0,0.0
1034671,DE_DWD,Reichenhall_Bad,12.874,47.7238,470.0,1973,8,0.0,0.0,0.0
1034672,DE_DWD,Reichenhall_Bad,12.874,47.7238,470.0,1973,9,0.0,0.0,0.0
1034673,DE_DWD,Reichenhall_Bad,12.874,47.7238,470.0,1973,10,0.0,0.0,0.0
1034674,DE_DWD,Reichenhall_Bad,12.874,47.7238,470.0,1973,11,49.0,2.9,38.0
1034675,DE_DWD,Reichenhall_Bad,12.874,47.7238,470.0,1973,12,116.0,25.5483870967742,73.0
1034676,DE_DWD,Reichenhall_Bad,12.874,47.7238,470.0,1974,1,1.0,6.12903225806452,16.0
1034677,DE_DWD,Reichenhall_Bad,12.874,47.7238,470.0,1974,2,28.0,1.78571428571429,18.0
1034678,DE_DWD,Reichenhall_Bad,12.874,47.7238,470.0,1974,3,7.0,0.354838709677419,5.0
1034679,DE_DWD,Reichenhall_Bad,12.874,47.7238,470.0,1974,4,6.0,0.266666666666667,4.0
1034680,DE_DWD,Reichenhall_Bad,12.874,47.7238,470.0,1974,5,0.0,0.0,0.0
1034681,DE_DWD,Reichenhall_Bad,12.874,47.7238,470.0,1974,6,0.0,0.0,0.0
1034682,DE_DWD,Reichenhall_Bad,12.874,47.7238,470.0,1974,7,0.0,0.0,0.0
1034683,DE_DWD,Reichenhall_Bad,12.874,47.7238,470.0,1974,8,0.0,0.0,0.0
1034684,DE_DWD,Reichenhall_Bad,12.874,47.7238,470.0,1974,9,0.0,0.0,0.0
1034685,DE_DWD,Reichenhall_Bad,12.874,47.7238,470.0,1974,10,4.0,0.129032258064516,4.0
1034686,DE_DWD,Reichenhall_Bad,12.874,47.7238,470.0,1974,11,2.0,0.0666666666666667,1.0
1034687,DE_DWD,Reichenhall_Bad,12.874,47.7238,470.0,1974,12,58.0,6.61290322580645,18.0
1034688,DE_DWD,Reichenhall_Bad,12.874,47.7238,470.0,1975,1,4.0,0.67741935483871,12.0
1034689,DE_DWD,Reichenhall_Bad,12.874,47.7238,470.0,1975,2,10.0,0.535714285714286,7.0
1034690,DE_DWD,Reichenhall_Bad,12.874,47.7238,470.0,1975,3,74.0,3.16129032258065,38.0
1034691,DE_DWD,Reichenhall_Bad,12.874,47.7238,470.0,1975,4,10.0,0.633333333333333,8.0
1034692,DE_DWD,Reichenhall_Bad,12.874,47.7238,470.0,1975,5,0.0,0.0,0.0
1034693,DE_DWD,Reichenhall_Bad,12.874,47.7238,470.0,1975,6,0.0,0.0,0.0
1034694,DE_DWD,Reichenhall_Bad,12.874,47.7238,470.0,1975,7,0.0,0.0,0.0
1034695,DE_DWD,Reichenhall_Bad,12.874,47.7238,470.0,1975,8,0.0,0.0,0.0
1034696,DE_DWD,Reichenhall_Bad,12.874,47.7238,470.0,1975,9,0.0,0.0,0.0
1034697,DE_DWD,Reichenhall_Bad,12.874,47.7238,470.0,1975,10,0.0,0.0,0.0
1034698,DE_DWD,Reichenhall_Bad,12.874,47.7238,470.0,1975,11,16.0,2.63333333333333,12.0
1034699,DE_DWD,Reichenhall_Bad,12.874,47.7238,470.0,1975,12,13.0,2.2258064516129,7.0
1034700,DE_DWD,Reichenhall_Bad,12.874,47.7238,470.0,1976,1,25.0,2.67741935483871,11.0
1034701,DE_DWD,Reichenhall_Bad,12.874,47.7238,470.0,1976,2,9.0,2.48275862068966,8.0
1034702,DE_DWD,Reichenhall_Bad,12.874,47.7238,470.0,1976,3,4.0,0.129032258064516,1.0
1034703,DE_DWD,Reichenhall_Bad,12.874,47.7238,470.0,1976,4,11.0,0.533333333333333,11.0
1034704,DE_DWD,Reichenhall_Bad,12.874,47.7238,470.0,1976,5,0.0,0.0,0.0
1034705,DE_DWD,Reichenhall_Bad,12.874,47.7238,470.0,1976,6,0.0,0.0,0.0
1034706,DE_DWD,Reichenhall_Bad,12.874,47.7238,470.0,1976,7,0.0,0.0,0.0
1034707,DE_DWD,Reichenhall_Bad,12.874,47.7238,470.0,1976,8,0.0,0.0,0.0
1034708,DE_DWD,Reichenhall_Bad,12.874,47.7238,470.0,1976,9,0.0,0.0,0.0
1034709,DE_DWD,Reichenhall_Bad,12.874,47.7238,470.0,1976,10,0.0,0.0,0.0
1034710,DE_DWD,Reichenhall_Bad,12.874,47.7238,470.0,1976,11,35.0,3.3,25.0
1034711,DE_DWD,Reichenhall_Bad,12.874,47.7238,470.0,1976,12,90.0,22.1612903225806,67.0
1034712,DE_DWD,Reichenhall_Bad,12.874,47.7238,470.0,1977,1,85.0,40.4193548387097,70.0
1034713,DE_DWD,Reichenhall_Bad,12.874,47.7238,470.0,1977,2,11.0,5.0,21.0
1034714,DE_DWD,Reichenhall_Bad,12.874,47.7238,470.0,1977,3,14.0,1.03225806451613,11.0
1034715,DE_DWD,Reichenhall_Bad,12.874,47.7238,470.0,1977,4,30.0,1.56666666666667,14.0
1034716,DE_DWD,Reichenhall_Bad,12.874,47.7238,470.0,1977,5,0.0,0.0,0.0
1034717,DE_DWD,Reichenhall_Bad,12.874,47.7238,470.0,1977,6,0.0,0.0,0.0
1034718,DE_DWD,Reichenhall_Bad,12.874,47.7238,470.0,1977,7,0.0,0.0,0.0
1034719,DE_DWD,Reichenhall_Bad,12.874,47.7238,470.0,1977,8,0.0,0.0,0.0
1034720,DE_DWD,Reichenhall_Bad,12.874,47.7238,470.0,1977,9,0.0,0.0,0.0
1034721,DE_DWD,Reichenhall_Bad,12.874,47.7238,470.0,1977,10,0.0,0.0,0.0
1034722,DE_DWD,Reichenhall_Bad,12.874,47.7238,470.0,1977,11,53.0,4.43333333333333,30.0
1034723,DE_DWD,Reichenhall_Bad,12.874,47.7238,470.0,1977,12,24.0,6.2258064516129,26.0
1034724,DE_DWD,Reichenhall_Bad,12.874,47.7238,470.0,1978,1,63.0,16.8064516129032,38.0
1034725,DE_DWD,Reichenhall_Bad,12.874,47.7238,470.0,1978,2,62.0,25.5357142857143,57.0
1034726,DE_DWD,Reichenhall_Bad,12.874,47.7238,470.0,1978,3,22.0,1.80645161290323,18.0
1034727,DE_DWD,Reichenhall_Bad,12.874,47.7238,470.0,1978,4,11.0,0.366666666666667,6.0
1034728,DE_DWD,Reichenhall_Bad,12.874,47.7238,470.0,1978,5,0.0,0.0,0.0
1034729,DE_DWD,Reichenhall_Bad,12.874,47.7238,470.0,1978,6,0.0,0.0,0.0
1034730,DE_DWD,Reichenhall_Bad,12.874,47.7238,470.0,1978,7,0.0,0.0,0.0
1034731,DE_DWD,Reichenhall_Bad,12.874,47.7238,470.0,1978,8,0.0,0.0,0.0
1034732,DE_DWD,Reichenhall_Bad,12.874,47.7238,470.0,1978,9,0.0,0.0,0.0
1034733,DE_DWD,Reichenhall_Bad,12.874,47.7238,470.0,1978,10,0.0,0.0,0.0
1034734,DE_DWD,Reichenhall_Bad,12.874,47.7238,470.0,1978,11,35.0,2.9,25.0
1034735,DE_DWD,Reichenhall_Bad,12.874,47.7238,470.0,1978,12,5.0,3.83870967741936,20.0
1034736,DE_DWD,Reichenhall_Bad,12.874,47.7238,470.0,1979,1,79.0,17.9032258064516,42.0
1034737,DE_DWD,Reichenhall_Bad,12.874,47.7238,470.0,1979,2,26.0,7.82142857142857,33.0
1034738,DE_DWD,Reichenhall_Bad,12.874,47.7238,470.0,1979,3,13.0,0.580645161290323,7.0
1034739,DE_DWD,Reichenhall_Bad,12.874,47.7238,470.0,1979,4,7.0,0.333333333333333,7.0
1034740,DE_DWD,Reichenhall_Bad,12.874,47.7238,470.0,1979,5,0.0,0.0,0.0
1034741,DE_DWD,Reichenhall_Bad,12.874,47.7238,470.0,1979,6,0.0,0.0,0.0
1034742,DE_DWD,Reichenhall_Bad,12.874,47.7238,470.0,1979,7,0.0,0.0,0.0
1034743,DE_DWD,Reichenhall_Bad,12.874,47.7238,470.0,1979,8,0.0,0.0,0.0
1034744,DE_DWD,Reichenhall_Bad,12.874,47.7238,470.0,1979,9,0.0,0.0,0.0
1034745,DE_DWD,Reichenhall_Bad,12.874,47.7238,470.0,1979,10,0.0,0.0,0.0
1034746,DE_DWD,Reichenhall_Bad,12.874,47.7238,470.0,1979,11,7.0,0.466666666666667,5.0
1034747,DE_DWD,Reichenhall_Bad,12.874,47.7238,470.0,1979,12,15.0,0.709677419354839,12.0
1034748,DE_DWD,Reichenhall_Bad,12.874,47.7238,470.0,1980,1,88.0,25.9354838709677,44.0
1034749,DE_DWD,Reichenhall_Bad,12.874,47.7238,470.0,1980,2,1.0,2.27586206896552,18.0
1034750,DE_DWD,Reichenhall_Bad,12.874,47.7238,470.0,1980,3,4.0,0.129032258064516,2.0
1034751,DE_DWD,Reichenhall_Bad,12.874,47.7238,470.0,1980,4,66.0,5.03333333333333,23.0
1034752,DE_DWD,Reichenhall_Bad,12.874,47.7238,470.0,1980,5,0.0,0.0,0.0
1034753,DE_DWD,Reichenhall_Bad,12.874,47.7238,470.0,1980,6,0.0,0.0,0.0
1034754,DE_DWD,Reichenhall_Bad,12.874,47.7238,470.0,1980,7,0.0,0.0,0.0
1034755,DE_DWD,Reichenhall_Bad,12.874,47.7238,470.0,1980,8,0.0,0.0,0.0
1034756,DE_DWD,Reichenhall_Bad,12.874,47.7238,470.0,1980,9,0.0,0.0,0.0
1034757,DE_DWD,Reichenhall_Bad,12.874,47.7238,470.0,1980,10,0.0,0.0,0.0
1034758,DE_DWD,Reichenhall_Bad,12.874,47.7238,470.0,1980,11,35.0,2.2,24.0
1034759,DE_DWD,Reichenhall_Bad,12.874,47.7238,470.0,1980,12,110.0,27.258064516129,50.0
1034760,DE_DWD,Reichenhall_Bad,12.874,47.7238,470.0,1981,1,168.0,47.8709677419355,71.0
1034761,DE_DWD,Reichenhall_Bad,12.874,47.7238,470.0,1981,2,25.0,39.2857142857143,60.0
1034762,DE_DWD,Reichenhall_Bad,12.874,47.7238,470.0,1981,3,5.0,6.70967741935484,30.0
1034763,DE_DWD,Reichenhall_Bad,12.874,47.7238,470.0,1981,4,3.0,0.1,2.0
1034764,DE_DWD,Reichenhall_Bad,12.874,47.7238,470.0,1981,5,0.0,0.0,0.0
1034765,DE_DWD,Reichenhall_Bad,12.874,47.7238,470.0,1981,6,0.0,0.0,0.0
1034766,DE_DWD,Reichenhall_Bad,12.874,47.7238,470.0,1981,7,0.0,0.0,0.0
1034767,DE_DWD,Reichenhall_Bad,12.874,47.7238,470.0,1981,8,0.0,0.0,0.0
1034768,DE_DWD,Reichenhall_Bad,12.874,47.7238,470.0,1981,9,0.0,0.0,0.0
1034769,DE_DWD,Reichenhall_Bad,12.874,47.7238,470.0,1981,10,5.0,0.161290322580645,5.0
1034770,DE_DWD,Reichenhall_Bad,12.874,47.7238,470.0,1981,11,40.0,2.53333333333333,15.0
1034771,DE_DWD,Reichenhall_Bad,12.874,47.7238,470.0,1981,12,122.0,34.5806451612903,65.0
1034772,DE_DWD,Reichenhall_Bad,12.874,47.7238,470.0,1982,1,63.0,34.5161290322581,53.0
1034773,DE_DWD,Reichenhall_Bad,12.874,47.7238,470.0,1982,2,15.0,13.1785714285714,22.0
1034774,DE_DWD,Reichenhall_Bad,12.874,47.7238,470.0,1982,3,16.0,1.48387096774194,7.0
1034775,DE_DWD,Reichenhall_Bad,12.874,47.7238,470.0,1982,4,8.0,0.266666666666667,6.0
1034776,DE_DWD,Reichenhall_Bad,12.874,47.7238,470.0,1982,5,0.0,0.0,0.0
1034777,DE_DWD,Reichenhall_Bad,12.874,47.7238,470.0,1982,6,0.0,0.0,0.0
1034778,DE_DWD,Reichenhall_Bad,12.874,47.7238,470.0,1982,7,0.0,0.0,0.0
1034779,DE_DWD,Reichenhall_Bad,12.874,47.7238,470.0,1982,8,0.0,0.0,0.0
1034780,DE_DWD,Reichenhall_Bad,12.874,47.7238,470.0,1982,9,0.0,0.0,0.0
1034781,DE_DWD,Reichenhall_Bad,12.874,47.7238,470.0,1982,10,0.0,0.0,0.0
1034782,DE_DWD,Reichenhall_Bad,12.874,47.7238,470.0,1982,11,3.0,0.1,3.0
1034783,DE_DWD,Reichenhall_Bad,12.874,47.7238,470.0,1982,12,28.0,3.58064516129032,14.0
1034784,DE_DWD,Reichenhall_Bad,12.874,47.7238,470.0,1983,1,17.0,2.0,12.0
1034785,DE_DWD,Reichenhall_Bad,12.874,47.7238,470.0,1983,2,33.0,10.8928571428571,19.0
1034786,DE_DWD,Reichenhall_Bad,12.874,47.7238,470.0,1983,3,7.0,0.225806451612903,7.0
1034787,DE_DWD,Reichenhall_Bad,12.874,47.7238,470.0,1983,4,3.0,0.1,3.0
1034788,DE_DWD,Reichenhall_Bad,12.874,47.7238,470.0,1983,5,0.0,0.0,0.0
1034789,DE_DWD,Reichenhall_Bad,12.874,47.7238,470.0,1983,6,0.0,0.0,0.0
1034790,DE_DWD,Reichenhall_Bad,12.874,47.7238,470.0,1983,7,0.0,0.0,0.0
1034791,DE_DWD,Reichenhall_Bad,12.874,47.7238,470.0,1983,8,0.0,0.0,0.0
1034792,DE_DWD,Reichenhall_Bad,12.874,47.7238,470.0,1983,9,0.0,0.0,0.0
1034793,DE_DWD,Reichenhall_Bad,12.874,47.7238,470.0,1983,10,0.0,0.0,0.0
1034794,DE_DWD,Reichenhall_Bad,12.874,47.7238,470.0,1983,11,7.0,0.433333333333333,5.0
1034795,DE_DWD,Reichenhall_Bad,12.874,47.7238,470.0,1983,12,50.0,14.741935483871,33.0
1034796,DE_DWD,Reichenhall_Bad,12.874,47.7238,470.0,1984,1,60.0,9.80645161290323,22.0
1034797,DE_DWD,Reichenhall_Bad,12.874,47.7238,470.0,1984,2,75.0,22.1379310344828,43.0
1034798,DE_DWD,Reichenhall_Bad,12.874,47.7238,470.0,1984,3,25.0,8.74193548387097,25.0
1034799,DE_DWD,Reichenhall_Bad,12.874,47.7238,470.0,1984,4,8.0,0.266666666666667,5.0
1034800,DE_DWD,Reichenhall_Bad,12.874,47.7238,470.0,1984,5,0.0,0.0,0.0
1034801,DE_DWD,Reichenhall_Bad,12.874,47.7238,470.0,1984,6,0.0,0.0,0.0
1034802,DE_DWD,Reichenhall_Bad,12.874,47.7238,470.0,1984,7,0.0,0.0,0.0
1034803,DE_DWD,Reichenhall_Bad,12.874,47.7238,470.0,1984,8,0.0,0.0,0.0
1034804,DE_DWD,Reichenhall_Bad,12.874,47.7238,470.0,1984,9,0.0,0.0,0.0
1034805,DE_DWD,Reichenhall_Bad,12.874,47.7238,470.0,1984,10,0.0,0.0,0.0
1034806,DE_DWD,Reichenhall_Bad,12.874,47.7238,470.0,1984,11,0.0,0.0,0.0
1034807,DE_DWD,Reichenhall_Bad,12.874,47.7238,470.0,1984,12,17.0,1.03225806451613,15.0
1034808,DE_DWD,Reichenhall_Bad,12.874,47.7238,470.0,1985,1,47.0,22.741935483871,30.0
1034809,DE_DWD,Reichenhall_Bad,12.874,47.7238,470.0,1985,2,30.0,8.03571428571429,19.0
1034810,DE_DWD,Reichenhall_Bad,12.874,47.7238,470.0,1985,3,62.0,4.41935483870968,42.0
1034811,DE_DWD,Reichenhall_Bad,12.874,47.7238,470.0,1985,4,17.0,0.566666666666667,10.0
1034812,DE_DWD,Reichenhall_Bad,12.874,47.7238,470.0,1985,5,0.0,0.0,0.0
1034813,DE_DWD,Reichenhall_Bad,12.874,47.7238,470.0,1985,6,0.0,0.0,0.0
1034814,DE_DWD,Reichenhall_Bad,12.874,47.7238,470.0,1985,7,0.0,0.0,0.0
1034815,DE_DWD,Reichenhall_Bad,12.874,47.7238,470.0,1985,8,0.0,0.0,0.0
1034816,DE_DWD,Reichenhall_Bad,12.874,47.7238,470.0,1985,9,0.0,0.0,0.0
1034817,DE_DWD,Reichenhall_Bad,12.874,47.7238,470.0,1985,10,0.0,0.0,0.0
1034818,DE_DWD,Reichenhall_Bad,12.874,47.7238,470.0,1985,11,53.0,6.16666666666667,25.0
1034819,DE_DWD,Reichenhall_Bad,12.874,47.7238,470.0,1985,12,13.0,1.06451612903226,10.0
1034820,DE_DWD,Reichenhall_Bad,12.874,47.7238,470.0,1986,1,97.0,14.2258064516129,40.0
1034821,DE_DWD,Reichenhall_Bad,12.874,47.7238,470.0,1986,2,45.0,20.3214285714286,32.0
1034822,DE_DWD,Reichenhall_Bad,12.874,47.7238,470.0,1986,3,8.0,7.35483870967742,29.0
1034823,DE_DWD,Reichenhall_Bad,12.874,47.7238,470.0,1986,4,11.0,0.566666666666667,6.0
1034824,DE_DWD,Reichenhall_Bad,12.874,47.7238,470.0,1986,5,0.0,0.0,0.0
1034825,DE_DWD,Reichenhall_Bad,12.874,47.7238,470.0,1986,6,0.0,0.0,0.0
1034826,DE_DWD,Reichenhall_Bad,12.874,47.7238,470.0,1986,7,0.0,0.0,0.0
1034827,DE_DWD,Reichenhall_Bad,12.874,47.7238,470.0,1986,8,0.0,0.0,0.0
1034828,DE_DWD,Reichenhall_Bad,12.874,47.7238,470.0,1986,9,0.0,0.0,0.0
1034829,DE_DWD,Reichenhall_Bad,12.874,47.7238,470.0,1986,10,0.0,0.0,0.0
1034830,DE_DWD,Reichenhall_Bad,12.874,47.7238,470.0,1986,11,0.0,0.0,0.0
1034831,DE_DWD,Reichenhall_Bad,12.874,47.7238,470.0,1986,12,106.0,12.2903225806452,50.0
1034832,DE_DWD,Reichenhall_Bad,12.874,47.7238,470.0,1987,1,86.0,26.6129032258065,49.0
1034833,DE_DWD,Reichenhall_Bad,12.874,47.7238,470.0,1987,2,13.0,20.0714285714286,38.0
1034834,DE_DWD,Reichenhall_Bad,12.874,47.7238,470.0,1987,3,50.0,5.51612903225807,20.0
1034835,DE_DWD,Reichenhall_Bad,12.874,47.7238,470.0,1987,4,5.0,0.166666666666667,5.0
1034836,DE_DWD,Reichenhall_Bad,12.874,47.7238,470.0,1987,5,0.0,0.0,0.0
1034837,DE_DWD,Reichenhall_Bad,12.874,47.7238,470.0,1987,6,0.0,0.0,0.0
1034838,DE_DWD,Reichenhall_Bad,12.874,47.7238,470.0,1987,7,0.0,0.0,0.0
1034839,DE_DWD,Reichenhall_Bad,12.874,47.7238,470.0,1987,8,0.0,0.0,0.0
1034840,DE_DWD,Reichenhall_Bad,12.874,47.7238,470.0,1987,9,0.0,0.0,0.0
1034841,DE_DWD,Reichenhall_Bad,12.874,47.7238,470.0,1987,10,0.0,0.0,0.0
1034842,DE_DWD,Reichenhall_Bad,12.874,47.7238,470.0,1987,11,5.0,0.233333333333333,5.0
1034843,DE_DWD,Reichenhall_Bad,12.874,47.7238,470.0,1987,12,6.0,1.25806451612903,6.0
1034844,DE_DWD,Reichenhall_Bad,12.874,47.7238,470.0,1988,1,7.0,0.548387096774194,4.0
1034845,DE_DWD,Reichenhall_Bad,12.874,47.7238,470.0,1988,2,89.0,10.2758620689655,48.0
1034846,DE_DWD,Reichenhall_Bad,12.874,47.7238,470.0,1988,3,145.0,38.5161290322581,75.0
1034847,DE_DWD,Reichenhall_Bad,12.874,47.7238,470.0,1988,4,,0.0,0.0
1034848,DE_DWD,Reichenhall_Bad,12.874,47.7238,470.0,1988,5,,0.0,0.0
1034849,DE_DWD,Reichenhall_Bad,12.874,47.7238,470.0,1988,6,,0.0,0.0
1034850,DE_DWD,Reichenhall_Bad,12.874,47.7238,470.0,1988,7,0.0,0.0,0.0
1034851,DE_DWD,Reichenhall_Bad,12.874,47.7238,470.0,1988,8,0.0,0.0,0.0
1034852,DE_DWD,Reichenhall_Bad,12.874,47.7238,470.0,1988,9,0.0,0.0,0.0
1034853,DE_DWD,Reichenhall_Bad,12.874,47.7238,470.0,1988,10,0.0,0.0,0.0
1034854,DE_DWD,Reichenhall_Bad,12.874,47.7238,470.0,1988,11,40.0,4.86666666666667,35.0
1034855,DE_DWD,Reichenhall_Bad,12.874,47.7238,470.0,1988,12,80.0,8.25806451612903,30.0
1034856,DE_DWD,Reichenhall_Bad,12.874,47.7238,470.0,1989,1,0.0,0.0,0.0
1034857,DE_DWD,Reichenhall_Bad,12.874,47.7238,470.0,1989,2,12.0,1.07142857142857,10.0
1034858,DE_DWD,Reichenhall_Bad,12.874,47.7238,470.0,1989,3,0.0,0.0,0.0
1034859,DE_DWD,Reichenhall_Bad,12.874,47.7238,470.0,1989,4,0.0,0.0,0.0
1034860,DE_DWD,Reichenhall_Bad,12.874,47.7238,470.0,1989,5,0.0,0.0,0.0
1034861,DE_DWD,Reichenhall_Bad,12.874,47.7238,470.0,1989,6,0.0,0.0,0.0
1034862,DE_DWD,Reichenhall_Bad,12.874,47.7238,470.0,1989,7,0.0,0.0,0.0
1034863,DE_DWD,Reichenhall_Bad,12.874,47.7238,470.0,1989,8,0.0,0.0,0.0
1034864,DE_DWD,Reichenhall_Bad,12.874,47.7238,470.0,1989,9,0.0,0.0,0.0
1034865,DE_DWD,Reichenhall_Bad,12.874,47.7238,470.0,1989,10,0.0,0.0,0.0
1034866,DE_DWD,Reichenhall_Bad,12.874,47.7238,470.0,1989,11,7.0,0.433333333333333,5.0
1034867,DE_DWD,Reichenhall_Bad,12.874,47.7238,470.0,1989,12,3.0,0.290322580645161,3.0
1034868,DE_DWD,Reichenhall_Bad,12.874,47.7238,470.0,1990,1,0.0,0.0,0.0
1034869,DE_DWD,Reichenhall_Bad,12.874,47.7238,470.0,1990,2,17.0,1.10714285714286,13.0
1034870,DE_DWD,Reichenhall_Bad,12.874,47.7238,470.0,1990,3,20.0,0.870967741935484,13.0
1034871,DE_DWD,Reichenhall_Bad,12.874,47.7238,470.0,1990,4,0.0,0.0,0.0
1034872,DE_DWD,Reichenhall_Bad,12.874,47.7238,470.0,1990,5,0.0,0.0,0.0
1034873,DE_DWD,Reichenhall_Bad,12.874,47.7238,470.0,1990,6,0.0,0.0,0.0
1034874,DE_DWD,Reichenhall_Bad,12.874,47.7238,470.0,1990,7,0.0,0.0,0.0
1034875,DE_DWD,Reichenhall_Bad,12.874,47.7238,470.0,1990,8,0.0,0.0,0.0
1034876,DE_DWD,Reichenhall_Bad,12.874,47.7238,470.0,1990,9,0.0,0.0,0.0
1034877,DE_DWD,Reichenhall_Bad,12.874,47.7238,470.0,1990,10,0.0,0.0,0.0
1034878,DE_DWD,Reichenhall_Bad,12.874,47.7238,470.0,1990,11,6.0,0.2,5.0
1034879,DE_DWD,Reichenhall_Bad,12.874,47.7238,470.0,1990,12,85.0,23.0322580645161,38.0
1034880,DE_DWD,Reichenhall_Bad,12.874,47.7238,470.0,1991,1,0.0,0.161290322580645,3.0
1034881,DE_DWD,Reichenhall_Bad,12.874,47.7238,470.0,1991,2,54.0,8.53571428571429,36.0
1034882,DE_DWD,Reichenhall_Bad,12.874,47.7238,470.0,1991,3,11.0,0.354838709677419,9.0
1034883,DE_DWD,Reichenhall_Bad,12.874,47.7238,470.0,1991,4,31.0,1.33333333333333,20.0
1034884,DE_DWD,Reichenhall_Bad,12.874,47.7238,470.0,1991,5,0.0,0.0,0.0
1034885,DE_DWD,Reichenhall_Bad,12.874,47.7238,470.0,1991,6,0.0,0.0,0.0
1034886,DE_DWD,Reichenhall_Bad,12.874,47.7238,470.0,1991,7,0.0,0.0,0.0
1034887,DE_DWD,Reichenhall_Bad,12.874,47.7238,470.0,1991,8,0.0,0.0,0.0
1034888,DE_DWD,Reichenhall_Bad,12.874,47.7238,470.0,1991,9,0.0,0.0,0.0
1034889,DE_DWD,Reichenhall_Bad,12.874,47.7238,470.0,1991,10,0.0,0.0,0.0
1034890,DE_DWD,Reichenhall_Bad,12.874,47.7238,470.0,1991,11,10.0,0.6,7.0
1034891,DE_DWD,Reichenhall_Bad,12.874,47.7238,470.0,1991,12,63.0,10.1290322580645,27.0
1034892,DE_DWD,Reichenhall_Bad,12.874,47.7238,470.0,1992,1,10.0,5.25806451612903,12.0
1034893,DE_DWD,Reichenhall_Bad,12.874,47.7238,470.0,1992,2,60.0,7.62068965517241,33.0
1034894,DE_DWD,Reichenhall_Bad,12.874,47.7238,470.0,1992,3,35.0,2.41935483870968,16.0
1034895,DE_DWD,Reichenhall_Bad,12.874,47.7238,470.0,1992,4,0.0,0.0,0.0
1034896,DE_DWD,Reichenhall_Bad,12.874,47.7238,470.0,1992,5,0.0,0.0,0.0
1034897,DE_DWD,Reichenhall_Bad,12.874,47.7238,470.0,1992,6,0.0,0.0,0.0
1034898,DE_DWD,Reichenhall_Bad,12.874,47.7238,470.0,1992,7,0.0,0.0,0.0
1034899,DE_DWD,Reichenhall_Bad,12.874,47.7238,470.0,1992,8,0.0,0.0,0.0
1034900,DE_DWD,Reichenhall_Bad,12.874,47.7238,470.0,1992,9,0.0,0.0,0.0
1034901,DE_DWD,Reichenhall_Bad,12.874,47.7238,470.0,1992,10,0.0,0.0,0.0
1034902,DE_DWD,Reichenhall_Bad,12.874,47.7238,470.0,1992,11,4.0,0.133333333333333,3.0
1034903,DE_DWD,Reichenhall_Bad,12.874,47.7238,470.0,1992,12,9.0,1.2258064516129,7.0
1034904,DE_DWD,Reichenhall_Bad,12.874,47.7238,470.0,1993,1,34.0,2.64516129032258,21.0
1034905,DE_DWD,Reichenhall_Bad,12.874,47.7238,470.0,1993,2,51.0,12.0714285714286,34.0
1034906,DE_DWD,Reichenhall_Bad,12.874,47.7238,470.0,1993,3,59.0,15.1612903225806,40.0
1034907,DE_DWD,Reichenhall_Bad,12.874,47.7238,470.0,1993,4,0.0,0.0,0.0
1034908,DE_DWD,Reichenhall_Bad,12.874,47.7238,470.0,1993,5,0.0,0.0,0.0
1034909,DE_DWD,Reichenhall_Bad,12.874,47.7238,470.0,1993,6,0.0,0.0,0.0
1034910,DE_DWD,Reichenhall_Bad,12.874,47.7238,470.0,1993,7,0.0,0.0,0.0
1034911,DE_DWD,Reichenhall_Bad,12.874,47.7238,470.0,1993,8,0.0,0.0,0.0
1034912,DE_DWD,Reichenhall_Bad,12.874,47.7238,470.0,1993,9,0.0,0.0,0.0
1034913,DE_DWD,Reichenhall_Bad,12.874,47.7238,470.0,1993,10,1.0,0.032258064516129,1.0
1034914,DE_DWD,Reichenhall_Bad,12.874,47.7238,470.0,1993,11,18.0,4.23333333333333,12.0
1034915,DE_DWD,Reichenhall_Bad,12.874,47.7238,470.0,1993,12,32.0,3.67741935483871,15.0
1034916,DE_DWD,Reichenhall_Bad,12.874,47.7238,470.0,1994,1,26.0,2.19354838709677,17.0
1034917,DE_DWD,Reichenhall_Bad,12.874,47.7238,470.0,1994,2,23.0,4.96428571428571,17.0
1034918,DE_DWD,Reichenhall_Bad,12.874,47.7238,470.0,1994,3,9.0,0.290322580645161,6.0
1034919,DE_DWD,Reichenhall_Bad,12.874,47.7238,470.0,1994,4,4.0,0.133333333333333,2.0
1034920,DE_DWD,Reichenhall_Bad,12.874,47.7238,470.0,1994,5,0.0,0.0,0.0
1034921,DE_DWD,Reichenhall_Bad,12.874,47.7238,470.0,1994,6,0.0,0.0,0.0
1034922,DE_DWD,Reichenhall_Bad,12.874,47.7238,470.0,1994,7,0.0,0.0,0.0
1034923,DE_DWD,Reichenhall_Bad,12.874,47.7238,470.0,1994,8,0.0,0.0,0.0
1034924,DE_DWD,Reichenhall_Bad,12.874,47.7238,470.0,1994,9,0.0,0.0,0.0
1034925,DE_DWD,Reichenhall_Bad,12.874,47.7238,470.0,1994,10,0.0,0.0,0.0
1034926,DE_DWD,Reichenhall_Bad,12.874,47.7238,470.0,1994,11,0.0,0.0,0.0
1034927,DE_DWD,Reichenhall_Bad,12.874,47.7238,470.0,1994,12,37.0,6.58064516129032,25.0
1034928,DE_DWD,Reichenhall_Bad,12.874,47.7238,470.0,1995,1,102.0,22.8064516129032,60.0
1034929,DE_DWD,Reichenhall_Bad,12.874,47.7238,470.0,1995,2,5.0,0.5,9.0
1034930,DE_DWD,Reichenhall_Bad,12.874,47.7238,470.0,1995,3,141.0,8.83870967741935,71.0
1034931,DE_DWD,Reichenhall_Bad,12.874,47.7238,470.0,1995,4,4.0,1.6,27.0
1034932,DE_DWD,Reichenhall_Bad,12.874,47.7238,470.0,1995,5,0.0,0.0,0.0
1034933,DE_DWD,Reichenhall_Bad,12.874,47.7238,470.0,1995,6,0.0,0.0,0.0
1034934,DE_DWD,Reichenhall_Bad,12.874,47.7238,470.0,1995,7,0.0,0.0,0.0
1034935,DE_DWD,Reichenhall_Bad,12.874,47.7238,470.0,1995,8,0.0,0.0,0.0
1034936,DE_DWD,Reichenhall_Bad,12.874,47.7238,470.0,1995,9,0.0,0.0,0.0
1034937,DE_DWD,Reichenhall_Bad,12.874,47.7238,470.0,1995,10,0.0,0.0,0.0
1034938,DE_DWD,Reichenhall_Bad,12.874,47.7238,470.0,1995,11,101.0,10.5666666666667,53.0
1034939,DE_DWD,Reichenhall_Bad,12.874,47.7238,470.0,1995,12,66.0,10.2258064516129,30.0
1034940,DE_DWD,Reichenhall_Bad,12.874,47.7238,470.0,1996,1,18.0,8.67741935483871,20.0
1034941,DE_DWD,Reichenhall_Bad,12.874,47.7238,470.0,1996,2,22.0,12.2068965517241,18.0
1034942,DE_DWD,Reichenhall_Bad,12.874,47.7238,470.0,1996,3,61.0,5.12903225806452,27.0
1034943,DE_DWD,Reichenhall_Bad,12.874,47.7238,470.0,1996,4,21.0,1.2,10.0
1034944,DE_DWD,Reichenhall_Bad,12.874,47.7238,470.0,1996,5,0.0,0.0,0.0
1034945,DE_DWD,Reichenhall_Bad,12.874,47.7238,470.0,1996,6,0.0,0.0,0.0
1034946,DE_DWD,Reichenhall_Bad,12.874,47.7238,470.0,1996,7,0.0,0.0,0.0
1034947,DE_DWD,Reichenhall_Bad,12.874,47.7238,470.0,1996,8,0.0,0.0,0.0
1034948,DE_DWD,Reichenhall_Bad,12.874,47.7238,470.0,1996,9,0.0,0.0,0.0
1034949,DE_DWD,Reichenhall_Bad,12.874,47.7238,470.0,1996,10,0.0,0.0,0.0
1034950,DE_DWD,Reichenhall_Bad,12.874,47.7238,470.0,1996,11,,1.76666666666667,11.0
1034951,DE_DWD,Reichenhall_Bad,12.874,47.7238,470.0,1996,12,,3.93548387096774,10.0
1034952,DE_DWD,Reichenhall_Bad,12.874,47.7238,470.0,1997,1,,6.38709677419355,10.0
1034953,DE_DWD,Reichenhall_Bad,12.874,47.7238,470.0,1997,2,,0.714285714285714,5.0
1034954,DE_DWD,Reichenhall_Bad,12.874,47.7238,470.0,1997,3,,0.935483870967742,10.0
1034955,DE_DWD,Reichenhall_Bad,12.874,47.7238,470.0,1997,4,,0.7,4.0
1034956,DE_DWD,Reichenhall_Bad,12.874,47.7238,470.0,1997,5,,0.0,0.0
1034957,DE_DWD,Reichenhall_Bad,12.874,47.7238,470.0,1997,6,,0.0,0.0
1034958,DE_DWD,Reichenhall_Bad,12.874,47.7238,470.0,1997,7,0.0,0.0,0.0
1034959,DE_DWD,Reichenhall_Bad,12.874,47.7238,470.0,1997,8,0.0,0.0,0.0
1034960,DE_DWD,Reichenhall_Bad,12.874,47.7238,470.0,1997,9,0.0,0.0,0.0
1034961,DE_DWD,Reichenhall_Bad,12.874,47.7238,470.0,1997,10,0.0,0.0,0.0
1034962,DE_DWD,Reichenhall_Bad,12.874,47.7238,470.0,1997,11,3.0,0.1,3.0
1034963,DE_DWD,Reichenhall_Bad,12.874,47.7238,470.0,1997,12,11.0,0.741935483870968,8.0
1034964,DE_DWD,Reichenhall_Bad,12.874,47.7238,470.0,1998,1,26.0,3.74193548387097,20.0
1034965,DE_DWD,Reichenhall_Bad,12.874,47.7238,470.0,1998,2,0.0,2.35714285714286,8.0
1034966,DE_DWD,Reichenhall_Bad,12.874,47.7238,470.0,1998,3,28.0,1.41935483870968,17.0
1034967,DE_DWD,Reichenhall_Bad,12.874,47.7238,470.0,1998,4,0.0,0.0,0.0
1034968,DE_DWD,Reichenhall_Bad,12.874,47.7238,470.0,1998,5,0.0,0.0,0.0
1034969,DE_DWD,Reichenhall_Bad,12.874,47.7238,470.0,1998,6,0.0,0.0,0.0
1034970,DE_DWD,Reichenhall_Bad,12.874,47.7238,470.0,1998,7,0.0,0.0,0.0
1034971,DE_DWD,Reichenhall_Bad,12.874,47.7238,470.0,1998,8,0.0,0.0,0.0
1034972,DE_DWD,Reichenhall_Bad,12.874,47.7238,470.0,1998,9,0.0,0.0,0.0
1034973,DE_DWD,Reichenhall_Bad,12.874,47.7238,470.0,1998,10,0.0,0.0,0.0
1034974,DE_DWD,Reichenhall_Bad,12.874,47.7238,470.0,1998,11,42.0,4.83333333333333,27.0
1034975,DE_DWD,Reichenhall_Bad,12.874,47.7238,470.0,1998,12,85.0,8.61290322580645,37.0
1034976,DE_DWD,Reichenhall_Bad,12.874,47.7238,470.0,1999,1,49.0,3.32258064516129,33.0
1034977,DE_DWD,Reichenhall_Bad,12.874,47.7238,470.0,1999,2,104.0,27.8928571428571,42.0
1034978,DE_DWD,Reichenhall_Bad,12.874,47.7238,470.0,1999,3,0.0,0.548387096774194,12.0
1034979,DE_DWD,Reichenhall_Bad,12.874,47.7238,470.0,1999,4,0.0,0.0,0.0
1034980,DE_DWD,Reichenhall_Bad,12.874,47.7238,470.0,1999,5,0.0,0.0,0.0
1034981,DE_DWD,Reichenhall_Bad,12.874,47.7238,470.0,1999,6,0.0,0.0,0.0
1034982,DE_DWD,Reichenhall_Bad,12.874,47.7238,470.0,1999,7,0.0,0.0,0.0
1034983,DE_DWD,Reichenhall_Bad,12.874,47.7238,470.0,1999,8,0.0,0.0,0.0
1034984,DE_DWD,Reichenhall_Bad,12.874,47.7238,470.0,1999,9,0.0,0.0,0.0
1034985,DE_DWD,Reichenhall_Bad,12.874,47.7238,470.0,1999,10,0.0,0.0,0.0
1034986,DE_DWD,Reichenhall_Bad,12.874,47.7238,470.0,1999,11,46.0,4.2,21.0
1034987,DE_DWD,Reichenhall_Bad,12.874,47.7238,470.0,1999,12,53.0,4.96774193548387,20.0
1034988,DE_DWD,Reichenhall_Bad,12.874,47.7238,470.0,2000,1,73.0,13.9032258064516,48.0
1034989,DE_DWD,Reichenhall_Bad,12.874,47.7238,470.0,2000,2,27.0,1.48275862068966,13.0
1034990,DE_DWD,Reichenhall_Bad,12.874,47.7238,470.0,2000,3,13.0,0.451612903225806,5.0
1034991,DE_DWD,Reichenhall_Bad,12.874,47.7238,470.0,2000,4,0.0,0.0,0.0
1034992,DE_DWD,Reichenhall_Bad,12.874,47.7238,470.0,2000,5,0.0,0.0,0.0
1034993,DE_DWD,Reichenhall_Bad,12.874,47.7238,470.0,2000,6,0.0,0.0,0.0
1034994,DE_DWD,Reichenhall_Bad,12.874,47.7238,470.0,2000,7,0.0,0.0,0.0
1034995,DE_DWD,Reichenhall_Bad,12.874,47.7238,470.0,2000,8,0.0,0.0,0.0
1034996,DE_DWD,Reichenhall_Bad,12.874,47.7238,470.0,2000,9,0.0,0.0,0.0
1034997,DE_DWD,Reichenhall_Bad,12.874,47.7238,470.0,2000,10,0.0,0.0,0.0
1034998,DE_DWD,Reichenhall_Bad,12.874,47.7238,470.0,2000,11,0.0,0.0,0.0
1034999,DE_DWD,Reichenhall_Bad,12.874,47.7238,470.0,2000,12,16.0,0.870967741935484,14.0
1035000,DE_DWD,Reichenhall_Bad,12.874,47.7238,470.0,2001,1,12.0,2.19354838709677,11.0
1035001,DE_DWD,Reichenhall_Bad,12.874,47.7238,470.0,2001,2,56.0,5.14285714285714,35.0
1035002,DE_DWD,Reichenhall_Bad,12.874,47.7238,470.0,2001,3,2.0,0.161290322580645,3.0
1035003,DE_DWD,Reichenhall_Bad,12.874,47.7238,470.0,2001,4,7.0,0.3,7.0
1035004,DE_DWD,Reichenhall_Bad,12.874,47.7238,470.0,2001,5,0.0,0.0,0.0
1035005,DE_DWD,Reichenhall_Bad,12.874,47.7238,470.0,2001,6,0.0,0.0,0.0
1035006,DE_DWD,Reichenhall_Bad,12.874,47.7238,470.0,2001,7,0.0,0.0,0.0
1035007,DE_DWD,Reichenhall_Bad,12.874,47.7238,470.0,2001,8,0.0,0.0,0.0
1035008,DE_DWD,Reichenhall_Bad,12.874,47.7238,470.0,2001,9,0.0,0.0,0.0
1035009,DE_DWD,Reichenhall_Bad,12.874,47.7238,470.0,2001,10,0.0,0.0,0.0
1035010,DE_DWD,Reichenhall_Bad,12.874,47.7238,470.0,2001,11,21.0,1.73333333333333,15.0
1035011,DE_DWD,Reichenhall_Bad,12.874,47.7238,470.0,2001,12,79.0,13.8387096774194,35.0
1035012,DE_DWD,Reichenhall_Bad,12.874,47.7238,470.0,2002,1,12.0,11.5161290322581,22.0
1035013,DE_DWD,Reichenhall_Bad,12.874,47.7238,470.0,2002,2,26.0,1.39285714285714,17.0
1035014,DE_DWD,Reichenhall_Bad,12.874,47.7238,470.0,2002,3,25.0,1.90322580645161,19.0
1035015,DE_DWD,Reichenhall_Bad,12.874,47.7238,470.0,2002,4,0.0,0.0,0.0
1035016,DE_DWD,Reichenhall_Bad,12.874,47.7238,470.0,2002,5,0.0,0.0,0.0
1035017,DE_DWD,Reichenhall_Bad,12.874,47.7238,470.0,2002,6,0.0,0.0,0.0
1035018,DE_DWD,Reichenhall_Bad,12.874,47.7238,470.0,2002,7,0.0,0.0,0.0
1035019,DE_DWD,Reichenhall_Bad,12.874,47.7238,470.0,2002,8,0.0,0.0,0.0
1035020,DE_DWD,Reichenhall_Bad,12.874,47.7238,470.0,2002,9,0.0,0.0,0.0
1035021,DE_DWD,Reichenhall_Bad,12.874,47.7238,470.0,2002,10,0.0,0.0,0.0
1035022,DE_DWD,Reichenhall_Bad,12.874,47.7238,470.0,2002,11,0.0,0.0,0.0
1035023,DE_DWD,Reichenhall_Bad,12.874,47.7238,470.0,2002,12,0.0,0.0,0.0
1035024,DE_DWD,Reichenhall_Bad,12.874,47.7238,470.0,2003,1,45.0,5.96774193548387,18.0
1035025,DE_DWD,Reichenhall_Bad,12.874,47.7238,470.0,2003,2,61.0,21.5357142857143,39.0
1035026,DE_DWD,Reichenhall_Bad,12.874,47.7238,470.0,2003,3,0.0,0.516129032258065,10.0
1035027,DE_DWD,Reichenhall_Bad,12.874,47.7238,470.0,2003,4,22.0,1.26666666666667,13.0
1035028,DE_DWD,Reichenhall_Bad,12.874,47.7238,470.0,2003,5,0.0,0.0,0.0
1035029,DE_DWD,Reichenhall_Bad,12.874,47.7238,470.0,2003,6,0.0,0.0,0.0
1035030,DE_DWD,Reichenhall_Bad,12.874,47.7238,470.0,2003,7,0.0,0.0,0.0
1035031,DE_DWD,Reichenhall_Bad,12.874,47.7238,470.0,2003,8,0.0,0.0,0.0
1035032,DE_DWD,Reichenhall_Bad,12.874,47.7238,470.0,2003,9,0.0,0.0,0.0
1035033,DE_DWD,Reichenhall_Bad,12.874,47.7238,470.0,2003,10,9.0,0.387096774193548,9.0
1035034,DE_DWD,Reichenhall_Bad,12.874,47.7238,470.0,2003,11,0.0,0.0,0.0
1035035,DE_DWD,Reichenhall_Bad,12.874,47.7238,470.0,2003,12,40.0,4.54838709677419,19.0
1035036,DE_DWD,Reichenhall_Bad,12.874,47.7238,470.0,2004,1,84.0,12.4516129032258,31.0
1035037,DE_DWD,Reichenhall_Bad,12.874,47.7238,470.0,2004,2,36.0,3.27586206896552,17.0
1035038,DE_DWD,Reichenhall_Bad,12.874,47.7238,470.0,2004,3,33.0,3.96774193548387,20.0
1035039,DE_DWD,Reichenhall_Bad,12.874,47.7238,470.0,2004,4,0.0,0.0,0.0
1035040,DE_DWD,Reichenhall_Bad,12.874,47.7238,470.0,2004,5,0.0,0.0,0.0
1035041,DE_DWD,Reichenhall_Bad,12.874,47.7238,470.0,2004,6,0.0,0.0,0.0
1035042,DE_DWD,Reichenhall_Bad,12.874,47.7238,470.0,2004,7,0.0,0.0,0.0
1035043,DE_DWD,Reichenhall_Bad,12.874,47.7238,470.0,2004,8,0.0,0.0,0.0
1035044,DE_DWD,Reichenhall_Bad,12.874,47.7238,470.0,2004,9,0.0,0.0,0.0
1035045,DE_DWD,Reichenhall_Bad,12.874,47.7238,470.0,2004,10,0.0,0.0,0.0
1035046,DE_DWD,Reichenhall_Bad,12.874,47.7238,470.0,2004,11,6.0,0.266666666666667,3.0
1035047,DE_DWD,Reichenhall_Bad,12.874,47.7238,470.0,2004,12,15.0,1.58064516129032,10.0
1035048,DE_DWD,Reichenhall_Bad,12.874,47.7238,470.0,2005,1,51.0,6.7741935483871,40.0
1035049,DE_DWD,Reichenhall_Bad,12.874,47.7238,470.0,2005,2,107.0,28.0357142857143,48.0
1035050,DE_DWD,Reichenhall_Bad,12.874,47.7238,470.0,2005,3,50.0,14.0645161290323,42.0
1035051,DE_DWD,Reichenhall_Bad,12.874,47.7238,470.0,2005,4,0.0,0.0,0.0
1035052,DE_DWD,Reichenhall_Bad,12.874,47.7238,470.0,2005,5,0.0,0.0,0.0
1035053,DE_DWD,Reichenhall_Bad,12.874,47.7238,470.0,2005,6,0.0,0.0,0.0
1035054,DE_DWD,Reichenhall_Bad,12.874,47.7238,470.0,2005,7,0.0,0.0,0.0
1035055,DE_DWD,Reichenhall_Bad,12.874,47.7238,470.0,2005,8,0.0,0.0,0.0
1035056,DE_DWD,Reichenhall_Bad,12.874,47.7238,470.0,2005,9,0.0,0.0,0.0
1035057,DE_DWD,Reichenhall_Bad,12.874,47.7238,470.0,2005,10,0.0,0.0,0.0
1035058,DE_DWD,Reichenhall_Bad,12.874,47.7238,470.0,2005,11,41.0,6.4,20.0
1035059,DE_DWD,Reichenhall_Bad,12.874,47.7238,470.0,2005,12,68.0,11.8709677419355,28.0
1035060,DE_DWD,Reichenhall_Bad,12.874,47.7238,470.0,2006,1,25.0,20.0967741935484,26.0
1035061,DE_DWD,Reichenhall_Bad,12.874,47.7238,470.0,2006,2,81.0,29.75,60.0
1035062,DE_DWD,Reichenhall_Bad,12.874,47.7238,470.0,2006,3,51.0,20.3870967741935,54.0
1035063,DE_DWD,Reichenhall_Bad,12.874,47.7238,470.0,2006,4,2.0,0.0666666666666667,2.0
1035064,DE_DWD,Reichenhall_Bad,12.874,47.7238,470.0,2006,5,0.0,0.0,0.0
1035065,DE_DWD,Reichenhall_Bad,12.874,47.7238,470.0,2006,6,0.0,0.0,0.0
1035066,DE_DWD,Reichenhall_Bad,12.874,47.7238,470.0,2006,7,0.0,0.0,0.0
1035067,DE_DWD,Reichenhall_Bad,12.874,47.7238,470.0,2006,8,0.0,0.0,0.0
1035068,DE_DWD,Reichenhall_Bad,12.874,47.7238,470.0,2006,9,0.0,0.0,0.0
1035069,DE_DWD,Reichenhall_Bad,12.874,47.7238,470.0,2006,10,0.0,0.0,0.0
1035070,DE_DWD,Reichenhall_Bad,12.874,47.7238,470.0,2006,11,15.0,0.933333333333333,15.0
1035071,DE_DWD,Reichenhall_Bad,12.874,47.7238,470.0,2006,12,,0.0,0.0
1035072,DE_DWD,Reichenhall_Bad,12.874,47.7238,470.0,2007,1,,2.03225806451613,14.0
1035073,DE_DWD,Reichenhall_Bad,12.874,47.7238,470.0,2007,2,,0.142857142857143,2.0
1035074,DE_DWD,Reichenhall_Bad,12.874,47.7238,470.0,2007,3,,0.709677419354839,8.0
1035075,DE_DWD,Reichenhall_Bad,12.874,47.7238,470.0,2007,4,,0.0,0.0
1035076,DE_DWD,Reichenhall_Bad,12.874,47.7238,470.0,2007,5,,0.0,0.0
1035077,DE_DWD,Reichenhall_Bad,12.874,47.7238,470.0,2007,6,,0.0,0.0
1035078,DE_DWD,Reichenhall_Bad,12.874,47.7238,470.0,2007,7,,0.0,0.0
1035079,DE_DWD,Reichenhall_Bad,12.874,47.7238,470.0,2007,8,,0.0,0.0
1035080,DE_DWD,Reichenhall_Bad,12.874,47.7238,470.0,2007,9,,0.0,0.0
1035081,DE_DWD,Reichenhall_Bad,12.874,47.7238,470.0,2007,10,,0.483870967741936,6.0
1035082,DE_DWD,Reichenhall_Bad,12.874,47.7238,470.0,2007,11,,3.93333333333333,14.0
1035083,DE_DWD,Reichenhall_Bad,12.874,47.7238,470.0,2007,12,,2.64516129032258,7.0
1035084,DE_DWD,Reichenhall_Bad,12.874,47.7238,470.0,2008,1,,1.61290322580645,7.0
1035085,DE_DWD,Reichenhall_Bad,12.874,47.7238,470.0,2008,2,,0.0344827586206897,1.0
1035086,DE_DWD,Reichenhall_Bad,12.874,47.7238,470.0,2008,3,,1.16129032258065,11.0
1035087,DE_DWD,Reichenhall_Bad,12.874,47.7238,470.0,2008,4,,0.0,0.0
1035088,DE_DWD,Reichenhall_Bad,12.874,47.7238,470.0,2008,5,,0.0,0.0
1035089,DE_DWD,Reichenhall_Bad,12.874,47.7238,470.0,2008,6,,0.0,0.0
1035090,DE_DWD,Reichenhall_Bad,12.874,47.7238,470.0,2008,7,,0.0,0.0
1035091,DE_DWD,Reichenhall_Bad,12.874,47.7238,470.0,2008,8,,0.0,0.0
1035092,DE_DWD,Reichenhall_Bad,12.874,47.7238,470.0,2008,9,,0.0,0.0
1035093,DE_DWD,Reichenhall_Bad,12.874,47.7238,470.0,2008,10,,0.0,0.0
1035094,DE_DWD,Reichenhall_Bad,12.874,47.7238,470.0,2008,11,,1.83333333333333,12.0
1035095,DE_DWD,Reichenhall_Bad,12.874,47.7238,470.0,2008,12,,0.548387096774194,6.0
1035096,DE_DWD,Reichenhall_Bad,12.874,47.7238,470.0,2009,1,,1.80645161290323,7.0
1035097,DE_DWD,Reichenhall_Bad,12.874,47.7238,470.0,2009,2,,14.5714285714286,34.0
1035098,DE_DWD,Reichenhall_Bad,12.874,47.7238,470.0,2009,3,,3.35483870967742,13.0
1035099,DE_DWD,Reichenhall_Bad,12.874,47.7238,470.0,2009,4,,0.0,0.0
1035100,DE_DWD,Reichenhall_Bad,12.874,47.7238,470.0,2009,5,,0.0,0.0
1035101,DE_DWD,Reichenhall_Bad,12.874,47.7238,470.0,2009,6,,0.0,0.0
1035102,DE_DWD,Reichenhall_Bad,12.874,47.7238,470.0,2009,7,,0.0,0.0
1035103,DE_DWD,Reichenhall_Bad,12.874,47.7238,470.0,2009,8,,0.0,0.0
1035104,DE_DWD,Reichenhall_Bad,12.874,47.7238,470.0,2009,9,,0.0,0.0
1035105,DE_DWD,Reichenhall_Bad,12.874,47.7238,470.0,2009,10,,0.032258064516129,1.0
1035106,DE_DWD,Reichenhall_Bad,12.874,47.7238,470.0,2009,11,,0.0,0.0
1035107,DE_DWD,Reichenhall_Bad,12.874,47.7238,470.0,2009,12,,2.0,12.0
1035108,DE_DWD,Reichenhall_Bad,12.874,47.7238,470.0,2010,1,,5.54838709677419,18.0
1035109,DE_DWD,Reichenhall_Bad,12.874,47.7238,470.0,2010,2,,11.9642857142857,28.0
1035110,DE_DWD,Reichenhall_Bad,12.874,47.7238,470.0,2010,3,,2.2258064516129,10.0
1035111,DE_DWD,Reichenhall_Bad,12.874,47.7238,470.0,2010,4,,0.0666666666666667,2.0
1035112,DE_DWD,Reichenhall_Bad,12.874,47.7238,470.0,2010,5,,0.0,0.0
1035113,DE_DWD,Reichenhall_Bad,12.874,47.7238,470.0,2010,6,,0.0,0.0
1035114,DE_DWD,Reichenhall_Bad,12.874,47.7238,470.0,2010,7,,0.0,0.0
1035115,DE_DWD,Reichenhall_Bad,12.874,47.7238,470.0,2010,8,,0.0,0.0
1035116,DE_DWD,Reichenhall_Bad,12.874,47.7238,470.0,2010,9,,0.0,0.0
1035117,DE_DWD,Reichenhall_Bad,12.874,47.7238,470.0,2010,10,,0.032258064516129,1.0
1035118,DE_DWD,Reichenhall_Bad,12.874,47.7238,470.0,2010,11,,1.53333333333333,16.0
1035119,DE_DWD,Reichenhall_Bad,12.874,47.7238,470.0,2010,12,,17.6774193548387,47.0
1035120,DE_DWD,Reichenhall_Bad,12.874,47.7238,470.0,2011,1,,9.09677419354839,19.0
1035121,DE_DWD,Reichenhall_Bad,12.874,47.7238,470.0,2011,2,,3.25,14.0
1035122,DE_DWD,Reichenhall_Bad,12.874,47.7238,470.0,2011,3,,0.0,0.0
1035123,DE_DWD,Reichenhall_Bad,12.874,47.7238,470.0,2011,4,,0.0,0.0
1035124,DE_DWD,Reichenhall_Bad,12.874,47.7238,470.0,2011,5,,0.0,0.0
1035125,DE_DWD,Reichenhall_Bad,12.874,47.7238,470.0,2011,6,,0.0,0.0
1035126,DE_DWD,Reichenhall_Bad,12.874,47.7238,470.0,2011,7,,0.0,0.0
1035127,DE_DWD,Reichenhall_Bad,12.874,47.7238,470.0,2011,8,,0.0,0.0
1035128,DE_DWD,Reichenhall_Bad,12.874,47.7238,470.0,2011,9,,0.0,0.0
1035129,DE_DWD,Reichenhall_Bad,12.874,47.7238,470.0,2011,10,,0.0,0.0
1035130,DE_DWD,Reichenhall_Bad,12.874,47.7238,470.0,2011,11,,0.0,0.0
1035131,DE_DWD,Reichenhall_Bad,12.874,47.7238,470.0,2011,12,,2.35483870967742,12.0
